0 134.125
1 140.801
2 141.047
3 141.051
4 141.051
5 141.051
6 141.051
7 141.051
8 141.051
9 141.051
10 141.051
11 141.055
12 141.055
13 141.051
14 141.055
15 141.051
16 141.051
17 141.055
18 141.055
19 141.055
20 141.055
21 141.055
22 141.059
23 141.047
24 141.137
25 141.141
26 141.027
27 141.023
28 141.02
29 141.02
30 141.023
31 141.016
32 141.023
33 141.023
34 141.027
35 141.031
36 141.027
37 141.02
38 141.023
39 141.02
40 141.023
41 141.027
42 141.023
43 141.027
44 141.148
45 141.152
46 141.148
47 141.148
48 141.148
49 141.16
50 141.152
51 141.148
52 141.148
53 141.145
54 141.145
55 141.145
56 141.145
57 141.145
58 141.145
59 141.145
60 141.141
61 141.145
62 141.145
63 141.145
64 141.145
65 141.148
66 141.145
67 141.148
68 141.141
69 141.145
70 141.148
71 141.152
72 141.148
73 141.145
74 141.148
75 141.141
76 141.074
77 141.074
78 141.074
79 141.082
80 141.078
81 141.082
82 141.074
83 141.082
84 141.082
85 141.078
86 141.074
87 141.074
88 141.074
89 141.078
90 141.078
91 141.078
92 141.074
93 141.078
94 141.082
95 141.078
96 141.078
97 141.074
98 141.082
99 141.074
100 141.09
101 141.074
102 141.078
103 141.082
104 141.082
105 141.078
106 141.078
107 141.078
108 141.09
109 141.078
110 141.082
111 141.082
112 141.082
113 141.078
114 141.082
115 141.09
116 141.082
117 141.074
118 141.145
119 141.16
120 141.16
121 141.152
122 141.145
123 141.152
124 141.152
125 141.145
126 141.148
127 141.148
128 141.152
129 141.148
130 141.16
131 141.152
132 141.152
133 141.16
134 141.16
135 141.148
136 141.145
137 141.152
138 141.152
139 141.164
140 141.145
141 141.152
142 141.164
143 141.148
144 141.148
145 141.16
