0.001 45.504
0.002 90.8398
0.003 135.862
0.004 180.378
0.005 223.487
0.006 266.015
0.0063 278.71
0.0066 291.091
0.0069 302.813
0.0072 314.783
0.0075 326.562
0.0078 338.108
0.0081 349.375
0.0084 359.892
0.0087 370.182
0.009 378.995
0.0093 386.443
0.0096 393.951
0.0099 399.173
0.0102 406.332
0.0105 413.325
0.0108 416.775
0.0111 408.51
0.0114 386.996
0.0117 359.572
0.012 352.213
0.0117 342.865
0.0114 334.073
0.0111 325.281
0.0108 316.489
0.0105 307.698
0.0102 298.906
0.0099 290.114
0.0096 281.323
0.0093 272.531
0.009 263.739
0.0087 254.948
0.0084 246.156
0.0081 237.365
0.0078 228.573
0.0075 219.781
0.0072 210.99
0.0069 202.198
0.0066 193.406
0.0063 184.615
0.006 175.823
0.0057 167.031
0.0054 158.24
0.0051 149.448
0.0048 140.656
0.0045 131.865
0.0042 123.073
0.0039 114.281
0.0036 105.49
0.0033 96.6981
0.003 87.9064
0.0027 79.1148
0.0024 70.3231
0.0021 61.5314
0.0018 52.7398
0.0015 43.9481
0.0012 35.1565
0.0009 26.3648
0.0006 17.5732
0.0003 8.78153
1.6263e-18 -315.761
-0.0003 -8.80178
-0.0006 -17.5934
-0.0009 -26.3851
-0.0012 -35.1767
-0.0015 -43.9684
-0.0018 -52.76
-0.0021 -61.5517
-0.0024 -70.3433
-0.0027 -79.135
-0.003 -87.9267
-0.0033 -96.7183
-0.0036 -105.51
-0.0039 -114.302
-0.0042 -123.093
-0.0045 -131.885
-0.0048 -140.677
-0.0051 -149.468
-0.0054 -158.26
-0.0057 -167.052
-0.006 -175.843
-0.0063 -184.635
-0.0066 -193.426
-0.0069 -202.218
-0.0072 -211.01
-0.0075 -219.801
-0.0078 -228.593
-0.0081 -237.385
-0.0084 -246.176
-0.0087 -254.968
-0.009 -263.76
-0.0093 -272.551
-0.0096 -281.343
-0.0099 -290.135
-0.0102 -298.926
-0.0105 -307.718
-0.0108 -316.51
-0.0111 -325.301
-0.0114 -334.093
-0.0117 -342.885
-0.012 -351.676
-0.0117 -342.352
-0.0114 -333.575
-0.0111 -324.796
-0.0108 -316.018
-0.0105 -307.239
-0.0102 -298.461
-0.0099 -289.682
-0.0096 -280.904
-0.0093 -272.125
-0.009 -263.347
-0.0087 -254.568
-0.0084 -245.79
-0.0081 -237.011
-0.0078 -228.232
-0.0075 -219.454
-0.0072 -210.675
-0.0069 -201.897
-0.0066 -193.118
-0.0063 -184.34
-0.006 -175.561
-0.0057 -166.783
-0.0054 -158.004
-0.0051 -149.226
-0.0048 -140.447
-0.0045 -131.669
-0.0042 -122.89
-0.0039 -114.112
-0.0036 -105.333
-0.0033 -96.5546
-0.003 -87.776
-0.0027 -78.9975
-0.0024 -70.219
-0.0021 -61.4405
-0.0018 -52.6619
-0.0015 -43.8834
-0.0012 -35.1049
-0.0009 -26.3264
-0.0006 -17.5478
-0.0003 -8.76931
1.0842e-19 315.775
