0.001 45.6549
0.002 91.16
0.003 136.356
0.004 181.057
0.005 225.068
0.006 267.208
0.0063 280.002
0.0066 292.491
0.0069 304.84
0.0072 317.039
0.0075 329.075
0.0078 340.293
0.0081 351.83
0.0084 363.148
0.0087 374.187
0.009 384.9
0.0093 394.69
0.0096 404.304
0.0099 412.782
0.0102 420.194
0.0105 421.271
0.0108 422
0.0111 409.437
0.0114 405.958
0.0117 380.865
0.012 365.339
0.0117 355.512
0.0114 346.381
0.0111 337.266
0.0108 328.151
0.0105 319.035
0.0102 309.92
0.0099 300.804
0.0096 291.689
0.0093 282.573
0.009 273.458
0.0087 264.342
0.0084 255.227
0.0081 246.111
0.0078 236.996
0.0075 227.88
0.0072 218.765
0.0069 209.649
0.0066 200.534
0.0063 191.418
0.006 182.303
0.0057 173.188
0.0054 164.072
0.0051 154.957
0.0048 145.841
0.0045 136.726
0.0042 127.61
0.0039 118.495
0.0036 109.379
0.0033 100.264
0.003 91.1482
0.0027 82.0328
0.0024 72.9173
0.0021 63.8018
0.0018 54.6864
0.0015 45.5709
0.0012 36.4554
0.0009 27.3399
0.0006 18.2245
0.0003 9.10899
1.6263e-18 -338.689
-0.0003 -9.12196
-0.0006 -18.2374
-0.0009 -27.3529
-0.0012 -36.4684
-0.0015 -45.5839
-0.0018 -54.6993
-0.0021 -63.8148
-0.0024 -72.9303
-0.0027 -82.0457
-0.003 -91.1612
-0.0033 -100.277
-0.0036 -109.392
-0.0039 -118.508
-0.0042 -127.623
-0.0045 -136.739
-0.0048 -145.854
-0.0051 -154.97
-0.0054 -164.085
-0.0057 -173.2
-0.006 -182.316
-0.0063 -191.431
-0.0066 -200.547
-0.0069 -209.662
-0.0072 -218.778
-0.0075 -227.893
-0.0078 -237.009
-0.0081 -246.124
-0.0084 -255.24
-0.0087 -264.355
-0.009 -273.471
-0.0093 -282.586
-0.0096 -291.702
-0.0099 -300.817
-0.0102 -309.933
-0.0105 -319.048
-0.0108 -328.164
-0.0111 -337.279
-0.0114 -346.394
-0.0117 -355.51
-0.012 -364.617
-0.0117 -354.864
-0.0114 -345.759
-0.0111 -336.66
-0.0108 -327.561
-0.0105 -318.462
-0.0102 -309.363
-0.0099 -300.264
-0.0096 -291.165
-0.0093 -282.065
-0.009 -272.966
-0.0087 -263.867
-0.0084 -254.768
-0.0081 -245.669
-0.0078 -236.57
-0.0075 -227.471
-0.0072 -218.372
-0.0069 -209.273
-0.0066 -200.174
-0.0063 -191.074
-0.006 -181.975
-0.0057 -172.876
-0.0054 -163.777
-0.0051 -154.678
-0.0048 -145.579
-0.0045 -136.48
-0.0042 -127.381
-0.0039 -118.282
-0.0036 -109.183
-0.0033 -100.083
-0.003 -90.9844
-0.0027 -81.8853
-0.0024 -72.7862
-0.0021 -63.6871
-0.0018 -54.5879
-0.0015 -45.4888
-0.0012 -36.3897
-0.0009 -27.2906
-0.0006 -18.1915
-0.0003 -9.09244
1.0842e-19 338.702
