0.0058689
0.994131
0.0763836
1.37849e-09
2.44806e-11
-1.04652e-10
0.994131
0.0058689
-0.0763836
0.0058689
0.994131
0.0763836
1.37849e-09
2.44806e-11
-1.04652e-10
0.994131
0.0058689
-0.0763836
0.0058689
0.994131
0.0763836
1.37849e-09
2.44806e-11
-1.04652e-10
0.994131
0.0058689
-0.0763836
0
1
0
0
0
0
1
-1.11022e-16
-0
0
1
0
0
0
0
1
-1.11022e-16
-0
0
1
0
0
0
0
1
-1.11022e-16
-0
0.0058689
0.994131
0.0763836
1.37849e-09
2.44806e-11
-1.04652e-10
0.994131
0.0058689
-0.0763836
0.0058689
0.994131
0.0763836
1.37849e-09
2.44806e-11
-1.04652e-10
0.994131
0.0058689
-0.0763836
0.0058689
0.994131
0.0763836
1.37849e-09
2.44806e-11
-1.04652e-10
0.994131
0.0058689
-0.0763836
0
1
0
0
0
0
1
-1.11022e-16
-0
0
1
0
0
0
0
1
-1.11022e-16
-0
0
1
0
0
0
0
1
-1.11022e-16
-0
0.0058689
0.994131
0.0763836
1.37849e-09
2.44806e-11
-1.04652e-10
0.994131
0.0058689
-0.0763836
0.0058689
0.994131
0.0763836
1.37849e-09
2.44806e-11
-1.04652e-10
0.994131
0.0058689
-0.0763836
0.0058689
0.994131
0.0763836
1.37849e-09
2.44806e-11
-1.04652e-10
0.994131
0.0058689
-0.0763836
0
1
0
0
0
0
1
-1.11022e-16
-0
0
1
0
0
0
0
1
-1.11022e-16
-0
0
1
0
0
0
0
1
-1.11022e-16
-0
0.00635815
0.993642
-0.0794841
1.43632e-09
2.766e-11
1.13408e-10
0.993642
0.00635815
0.0794841
0.00635815
0.993642
-0.0794841
1.43632e-09
2.766e-11
1.13408e-10
0.993642
0.00635815
0.0794841
0.00635815
0.993642
-0.0794841
1.43632e-09
2.766e-11
1.13408e-10
0.993642
0.00635815
0.0794841
0
1
0
0
0
0
1
-1.11022e-16
-0
0
1
0
0
0
0
1
-1.11022e-16
-0
0
1
0
0
0
0
1
-1.11022e-16
-0
0
1
0
0
0
0
1
-1.11022e-16
-0
0
1
0
0
0
0
1
-1.11022e-16
-0
0
1
0
0
0
0
1
-1.11022e-16
-0
0.00635815
0.993642
-0.0794841
1.43632e-09
2.766e-11
1.13408e-10
0.993642
0.00635815
0.0794841
0.00635815
0.993642
-0.0794841
1.43632e-09
2.766e-11
1.13408e-10
0.993642
0.00635815
0.0794841
0.00635815
0.993642
-0.0794841
1.43632e-09
2.766e-11
1.13408e-10
0.993642
0.00635815
0.0794841
0.00635815
0.993642
-0.0794841
1.43632e-09
2.766e-11
1.13408e-10
0.993642
0.00635815
0.0794841
0.00635815
0.993642
-0.0794841
1.43632e-09
2.766e-11
1.13408e-10
0.993642
0.00635815
0.0794841
0.00635815
0.993642
-0.0794841
1.43632e-09
2.766e-11
1.13408e-10
0.993642
0.00635815
0.0794841
0
1
0
0
0
0
1
-1.11022e-16
-0
0
1
0
0
0
0
1
-1.11022e-16
-0
0
1
0
0
0
0
1
-1.11022e-16
-0
0.0058689
0.994131
0.0763836
1.37849e-09
2.44806e-11
-1.04652e-10
0.994131
0.0058689
-0.0763836
0.0058689
0.994131
0.0763836
1.37849e-09
2.44806e-11
-1.04652e-10
0.994131
0.0058689
-0.0763836
0.0058689
0.994131
0.0763836
1.37849e-09
2.44806e-11
-1.04652e-10
0.994131
0.0058689
-0.0763836
0.0058689
0.994131
0.0763836
1.37849e-09
2.44806e-11
-1.04652e-10
0.994131
0.0058689
-0.0763836
0.0058689
0.994131
0.0763836
1.37849e-09
2.44806e-11
-1.04652e-10
0.994131
0.0058689
-0.0763836
0.0058689
0.994131
0.0763836
1.37849e-09
2.44806e-11
-1.04652e-10
0.994131
0.0058689
-0.0763836
0
1
0
0
0
0
1
-1.11022e-16
-0
0
1
0
0
0
0
1
-1.11022e-16
-0
0
1
0
0
0
0
1
-1.11022e-16
-0
0
1
0
0
0
0
1
-1.11022e-16
-0
0
1
0
0
0
0
1
-1.11022e-16
-0
0
1
0
0
0
0
1
-1.11022e-16
-0
0.0169153
0.983085
0.128954
8.33807e-10
4.3402e-11
-1.05496e-10
0.983085
0.0169153
-0.128954
0.0169153
0.983085
0.128954
8.33807e-10
4.3402e-11
-1.05496e-10
0.983085
0.0169153
-0.128954
0.0169153
0.983085
0.128954
8.33807e-10
4.3402e-11
-1.05496e-10
0.983085
0.0169153
-0.128954
0
1
0
0
0
0
1
-1.11022e-16
-0
0
1
0
0
0
0
1
-1.11022e-16
-0
0
1
0
0
0
0
1
-1.11022e-16
-0
0
1
0
0
0
0
1
-1.11022e-16
-0
0
1
0
0
0
0
1
-1.11022e-16
-0
0
1
0
0
0
0
1
-1.11022e-16
-0
0.0169153
0.983085
0.128954
8.33807e-10
4.3402e-11
-1.05496e-10
0.983085
0.0169153
-0.128954
0.0169153
0.983085
0.128954
8.33807e-10
4.3402e-11
-1.05496e-10
0.983085
0.0169153
-0.128954
0.0169153
0.983085
0.128954
8.33807e-10
4.3402e-11
-1.05496e-10
0.983085
0.0169153
-0.128954
0
1
0
0
0
0
1
-1.11022e-16
-0
0
1
0
0
0
0
1
-1.11022e-16
-0
0
1
0
0
0
0
1
-1.11022e-16
-0
0.0169153
0.983085
0.128954
8.33807e-10
4.3402e-11
-1.05496e-10
0.983085
0.0169153
-0.128954
0.0169153
0.983085
0.128954
8.33807e-10
4.3402e-11
-1.05496e-10
0.983085
0.0169153
-0.128954
0.0169153
0.983085
0.128954
8.33807e-10
4.3402e-11
-1.05496e-10
0.983085
0.0169153
-0.128954
0
1
0
0
0
0
1
-1.11022e-16
-0
0
1
0
0
0
0
1
-1.11022e-16
-0
0
1
0
0
0
0
1
-1.11022e-16
-0
0
1
0
0
0
0
1
-1.11022e-16
-0
0
1
0
0
0
0
1
-1.11022e-16
-0
0
1
0
0
0
0
1
-1.11022e-16
-0
0.0386944
0.961306
-0.192865
9.51613e-11
1.17085e-11
1.74455e-11
0.961306
0.0386944
0.192865
0.0386944
0.961306
-0.192865
9.51613e-11
1.17085e-11
1.74455e-11
0.961306
0.0386944
0.192865
0.0386944
0.961306
-0.192865
9.51613e-11
1.17085e-11
1.74455e-11
0.961306
0.0386944
0.192865
0
1
0
0
0
0
1
-1.11022e-16
-0
0
1
0
0
0
0
1
-1.11022e-16
-0
0
1
0
0
0
0
1
-1.11022e-16
-0
0
1
0
0
0
0
1
-1.11022e-16
-0
0
1
0
0
0
0
1
-1.11022e-16
-0
0
1
0
0
0
0
1
-1.11022e-16
-0
0.0386944
0.961306
-0.192865
9.51613e-11
1.17085e-11
1.74455e-11
0.961306
0.0386944
0.192865
0.0386944
0.961306
-0.192865
9.51613e-11
1.17085e-11
1.74455e-11
0.961306
0.0386944
0.192865
0.0386944
0.961306
-0.192865
9.51613e-11
1.17085e-11
1.74455e-11
0.961306
0.0386944
0.192865
0
1
0
0
0
0
1
-1.11022e-16
-0
0
1
0
0
0
0
1
-1.11022e-16
-0
0
1
0
0
0
0
1
-1.11022e-16
-0
0.0386944
0.961306
-0.192865
9.51613e-11
1.17085e-11
1.74455e-11
0.961306
0.0386944
0.192865
0.0386944
0.961306
-0.192865
9.51613e-11
1.17085e-11
1.74455e-11
0.961306
0.0386944
0.192865
0.0386944
0.961306
-0.192865
9.51613e-11
1.17085e-11
1.74455e-11
0.961306
0.0386944
0.192865
0
1
0
0
0
0
1
-1.11022e-16
-0
0
1
0
0
0
0
1
-1.11022e-16
-0
0
1
0
0
0
0
1
-1.11022e-16
-0
0.00498977
0.99501
0.0704618
-4.1488e-09
-6.25681e-11
2.90826e-10
0.99501
0.00498977
-0.0704618
0.00498977
0.99501
0.0704618
-4.1488e-09
-6.25681e-11
2.90826e-10
0.99501
0.00498977
-0.0704618
0.00498977
0.99501
0.0704618
-4.1488e-09
-6.25681e-11
2.90826e-10
0.99501
0.00498977
-0.0704618
-6.15348e-17
1
0
0.5
-1.15348e-09
0
0.5
1.15348e-09
0
-6.15348e-17
1
0
0.5
-1.15348e-09
0
0.5
1.15348e-09
0
-6.15348e-17
1
0
0.5
-1.15348e-09
0
0.5
1.15348e-09
0
-6.15348e-17
1
0
0.5
-1.15348e-09
0
0.5
1.15348e-09
0
-6.15348e-17
1
0
0.5
-1.15348e-09
0
0.5
1.15348e-09
0
-6.15348e-17
1
0
0.5
-1.15348e-09
0
0.5
1.15348e-09
0
0
1
0
0
0
0
1
-1.11022e-16
-0
0
1
0
0
0
0
1
-1.11022e-16
-0
0
1
0
0
0
0
1
-1.11022e-16
-0
0.00498977
0.99501
0.0704618
-4.1488e-09
-6.25681e-11
2.90826e-10
0.99501
0.00498977
-0.0704618
0.00498977
0.99501
0.0704618
-4.1488e-09
-6.25681e-11
2.90826e-10
0.99501
0.00498977
-0.0704618
0.00498977
0.99501
0.0704618
-4.1488e-09
-6.25681e-11
2.90826e-10
0.99501
0.00498977
-0.0704618
0.00498977
0.99501
0.0704618
-4.1488e-09
-6.25681e-11
2.90826e-10
0.99501
0.00498977
-0.0704618
0.00498977
0.99501
0.0704618
-4.1488e-09
-6.25681e-11
2.90826e-10
0.99501
0.00498977
-0.0704618
0.00498977
0.99501
0.0704618
-4.1488e-09
-6.25681e-11
2.90826e-10
0.99501
0.00498977
-0.0704618
-6.15348e-17
1
0
0.5
-1.15348e-09
0
0.5
1.15348e-09
0
-6.15348e-17
1
0
0.5
-1.15348e-09
0
0.5
1.15348e-09
0
-6.15348e-17
1
0
0.5
-1.15348e-09
0
0.5
1.15348e-09
0
0.0553497
0.94465
0.228662
-1.47646e-10
-2.6641e-11
3.11135e-11
0.94465
0.0553497
-0.228662
0.0553497
0.94465
0.228662
-1.47646e-10
-2.6641e-11
3.11135e-11
0.94465
0.0553497
-0.228662
0.0553497
0.94465
0.228662
-1.47646e-10
-2.6641e-11
3.11135e-11
0.94465
0.0553497
-0.228662
0.0747832
0.925217
-0.263041
6.14399e-11
1.542e-11
1.4234e-11
0.925217
0.0747832
0.263041
0.0747832
0.925217
-0.263041
6.14399e-11
1.542e-11
1.4234e-11
0.925217
0.0747832
0.263041
0.0747832
0.925217
-0.263041
6.14399e-11
1.542e-11
1.4234e-11
0.925217
0.0747832
0.263041
-5.55112e-17
1
0
0
0
0
1
-2.22045e-16
-0
-5.55112e-17
1
0
0
0
0
1
-2.22045e-16
-0
-5.55112e-17
1
0
0
0
0
1
-2.22045e-16
-0
-6.15348e-17
1
0
0.5
-1.15348e-09
0
0.5
1.15348e-09
0
-6.15348e-17
1
0
0.5
-1.15348e-09
0
0.5
1.15348e-09
0
-6.15348e-17
1
0
0.5
-1.15348e-09
0
0.5
1.15348e-09
0
-5.55112e-17
1
0
0
0
0
1
-2.22045e-16
-0
-5.55112e-17
1
0
0
0
0
1
-2.22045e-16
-0
-5.55112e-17
1
0
0
0
0
1
-2.22045e-16
-0
0.0553497
0.94465
0.228662
-1.47646e-10
-2.6641e-11
3.11135e-11
0.94465
0.0553497
-0.228662
0.0553497
0.94465
0.228662
-1.47646e-10
-2.6641e-11
3.11135e-11
0.94465
0.0553497
-0.228662
0.0553497
0.94465
0.228662
-1.47646e-10
-2.6641e-11
3.11135e-11
0.94465
0.0553497
-0.228662
0.0747832
0.925217
-0.263041
6.14399e-11
1.542e-11
1.4234e-11
0.925217
0.0747832
0.263041
0.0747832
0.925217
-0.263041
6.14399e-11
1.542e-11
1.4234e-11
0.925217
0.0747832
0.263041
0.0747832
0.925217
-0.263041
6.14399e-11
1.542e-11
1.4234e-11
0.925217
0.0747832
0.263041
0.0747832
0.925217
-0.263041
6.14399e-11
1.542e-11
1.4234e-11
0.925217
0.0747832
0.263041
0.0747832
0.925217
-0.263041
6.14399e-11
1.542e-11
1.4234e-11
0.925217
0.0747832
0.263041
0.0747832
0.925217
-0.263041
6.14399e-11
1.542e-11
1.4234e-11
0.925217
0.0747832
0.263041
-6.15348e-17
1
0
0.5
-1.15348e-09
0
0.5
1.15348e-09
0
-6.15348e-17
1
0
0.5
-1.15348e-09
0
0.5
1.15348e-09
0
-6.15348e-17
1
0
0.5
-1.15348e-09
0
0.5
1.15348e-09
0
0.0553497
0.94465
0.228662
-1.47646e-10
-2.6641e-11
3.11135e-11
0.94465
0.0553497
-0.228662
0.0553497
0.94465
0.228662
-1.47646e-10
-2.6641e-11
3.11135e-11
0.94465
0.0553497
-0.228662
0.0553497
0.94465
0.228662
-1.47646e-10
-2.6641e-11
3.11135e-11
0.94465
0.0553497
-0.228662
-5.55112e-17
1
0
0
0
0
1
-2.22045e-16
-0
-5.55112e-17
1
0
0
0
0
1
-2.22045e-16
-0
-5.55112e-17
1
0
0
0
0
1
-2.22045e-16
-0
-5.55112e-17
1
0
0
0
0
1
-2.22045e-16
-0
-5.55112e-17
1
0
0
0
0
1
-2.22045e-16
-0
-5.55112e-17
1
0
0
0
0
1
-2.22045e-16
-0
-7.15067e-18
1
0
0.5
4.64039e-09
0
0.5
-4.64039e-09
0
-7.15067e-18
1
0
0.5
4.64039e-09
0
0.5
-4.64039e-09
0
-7.15067e-18
1
0
0.5
4.64039e-09
0
0.5
-4.64039e-09
0
0.0214634
0.978537
0.144923
-4.99823e-10
-3.32376e-11
7.06521e-11
0.978537
0.0214634
-0.144923
0.0214634
0.978537
0.144923
-4.99823e-10
-3.32376e-11
7.06521e-11
0.978537
0.0214634
-0.144923
0.0214634
0.978537
0.144923
-4.99823e-10
-3.32376e-11
7.06521e-11
0.978537
0.0214634
-0.144923
-7.15067e-18
1
0
0.5
4.64039e-09
0
0.5
-4.64039e-09
0
-7.15067e-18
1
0
0.5
4.64039e-09
0
0.5
-4.64039e-09
0
-7.15067e-18
1
0
0.5
4.64039e-09
0
0.5
-4.64039e-09
0
-5.55112e-17
1
0
0
0
0
1
-2.22045e-16
-0
-5.55112e-17
1
0
0
0
0
1
-2.22045e-16
-0
-5.55112e-17
1
0
0
0
0
1
-2.22045e-16
-0
0.0214634
0.978537
0.144923
-4.99823e-10
-3.32376e-11
7.06521e-11
0.978537
0.0214634
-0.144923
0.0214634
0.978537
0.144923
-4.99823e-10
-3.32376e-11
7.06521e-11
0.978537
0.0214634
-0.144923
0.0214634
0.978537
0.144923
-4.99823e-10
-3.32376e-11
7.06521e-11
0.978537
0.0214634
-0.144923
-7.15067e-18
1
0
0.5
4.64039e-09
0
0.5
-4.64039e-09
0
-7.15067e-18
1
0
0.5
4.64039e-09
0
0.5
-4.64039e-09
0
-7.15067e-18
1
0
0.5
4.64039e-09
0
0.5
-4.64039e-09
0
0.0214634
0.978537
0.144923
-4.99823e-10
-3.32376e-11
7.06521e-11
0.978537
0.0214634
-0.144923
0.0214634
0.978537
0.144923
-4.99823e-10
-3.32376e-11
7.06521e-11
0.978537
0.0214634
-0.144923
0.0214634
0.978537
0.144923
-4.99823e-10
-3.32376e-11
7.06521e-11
0.978537
0.0214634
-0.144923
-1.11022e-16
1
0
0
0
0
1
-2.22045e-16
-0
-1.11022e-16
1
0
0
0
0
1
-2.22045e-16
-0
-1.11022e-16
1
0
0
0
0
1
-2.22045e-16
-0
-7.15067e-18
1
0
0.5
4.64039e-09
0
0.5
-4.64039e-09
0
-7.15067e-18
1
0
0.5
4.64039e-09
0
0.5
-4.64039e-09
0
-7.15067e-18
1
0
0.5
4.64039e-09
0
0.5
-4.64039e-09
0
0.0189702
0.98103
-0.13642
6.68629e-10
3.91519e-11
8.92591e-11
0.98103
0.0189702
0.13642
0.0189702
0.98103
-0.13642
6.68629e-10
3.91519e-11
8.92591e-11
0.98103
0.0189702
0.13642
0.0189702
0.98103
-0.13642
6.68629e-10
3.91519e-11
8.92591e-11
0.98103
0.0189702
0.13642
-1.11022e-16
1
0
0
0
0
1
-2.22045e-16
-0
-1.11022e-16
1
0
0
0
0
1
-2.22045e-16
-0
-1.11022e-16
1
0
0
0
0
1
-2.22045e-16
-0
-1.11022e-16
1
0
0
0
0
1
-2.22045e-16
-0
-1.11022e-16
1
0
0
0
0
1
-2.22045e-16
-0
-1.11022e-16
1
0
0
0
0
1
-2.22045e-16
-0
0.0189702
0.98103
-0.13642
6.68629e-10
3.91519e-11
8.92591e-11
0.98103
0.0189702
0.13642
0.0189702
0.98103
-0.13642
6.68629e-10
3.91519e-11
8.92591e-11
0.98103
0.0189702
0.13642
0.0189702
0.98103
-0.13642
6.68629e-10
3.91519e-11
8.92591e-11
0.98103
0.0189702
0.13642
-7.15067e-18
1
0
0.5
4.64039e-09
0
0.5
-4.64039e-09
0
-7.15067e-18
1
0
0.5
4.64039e-09
0
0.5
-4.64039e-09
0
-7.15067e-18
1
0
0.5
4.64039e-09
0
0.5
-4.64039e-09
0
0.0189702
0.98103
-0.13642
6.68629e-10
3.91519e-11
8.92591e-11
0.98103
0.0189702
0.13642
0.0189702
0.98103
-0.13642
6.68629e-10
3.91519e-11
8.92591e-11
0.98103
0.0189702
0.13642
0.0189702
0.98103
-0.13642
6.68629e-10
3.91519e-11
8.92591e-11
0.98103
0.0189702
0.13642
0.000570052
0.99943
-0.023869
-7.74059e-09
-1.33882e-11
-1.84653e-10
0.99943
0.000570052
0.023869
0.000570052
0.99943
-0.023869
-7.74059e-09
-1.33882e-11
-1.84653e-10
0.99943
0.000570052
0.023869
0.000570052
0.99943
-0.023869
-7.74059e-09
-1.33882e-11
-1.84653e-10
0.99943
0.000570052
0.023869
-1.74038e-17
1
0
0.5
5.90221e-09
0
0.5
-5.90221e-09
0
-1.74038e-17
1
0
0.5
5.90221e-09
0
0.5
-5.90221e-09
0
-1.74038e-17
1
0
0.5
5.90221e-09
0
0.5
-5.90221e-09
0
-1.11022e-16
1
0
0
0
0
1
-2.22045e-16
-0
-1.11022e-16
1
0
0
0
0
1
-2.22045e-16
-0
-1.11022e-16
1
0
0
0
0
1
-2.22045e-16
-0
-1.74038e-17
1
0
0.5
5.90221e-09
0
0.5
-5.90221e-09
0
-1.74038e-17
1
0
0.5
5.90221e-09
0
0.5
-5.90221e-09
0
-1.74038e-17
1
0
0.5
5.90221e-09
0
0.5
-5.90221e-09
0
0.000570052
0.99943
-0.023869
-7.74059e-09
-1.33882e-11
-1.84653e-10
0.99943
0.000570052
0.023869
0.000570052
0.99943
-0.023869
-7.74059e-09
-1.33882e-11
-1.84653e-10
0.99943
0.000570052
0.023869
0.000570052
0.99943
-0.023869
-7.74059e-09
-1.33882e-11
-1.84653e-10
0.99943
0.000570052
0.023869
-1.11022e-16
1
0
0
0
0
1
-2.22045e-16
-0
-1.11022e-16
1
0
0
0
0
1
-2.22045e-16
-0
-1.11022e-16
1
0
0
0
0
1
-2.22045e-16
-0
0.000570052
0.99943
-0.023869
-7.74059e-09
-1.33882e-11
-1.84653e-10
0.99943
0.000570052
0.023869
0.000570052
0.99943
-0.023869
-7.74059e-09
-1.33882e-11
-1.84653e-10
0.99943
0.000570052
0.023869
0.000570052
0.99943
-0.023869
-7.74059e-09
-1.33882e-11
-1.84653e-10
0.99943
0.000570052
0.023869
-1.74038e-17
1
0
0.5
5.90221e-09
0
0.5
-5.90221e-09
0
-1.74038e-17
1
0
0.5
5.90221e-09
0
0.5
-5.90221e-09
0
-1.74038e-17
1
0
0.5
5.90221e-09
0
0.5
-5.90221e-09
0
-1.74038e-17
1
0
0.5
5.90221e-09
0
0.5
-5.90221e-09
0
-1.74038e-17
1
0
0.5
5.90221e-09
0
0.5
-5.90221e-09
0
-1.74038e-17
1
0
0.5
5.90221e-09
0
0.5
-5.90221e-09
0
0
1
0
0
0
0
1
0
-0
0
1
0
0
0
0
1
0
-0
0
1
0
0
0
0
1
0
-0
0.0376475
0.962353
0.190342
-5.996e-10
-7.16604e-11
1.08671e-10
0.962353
0.0376475
-0.190342
0.0376475
0.962353
0.190342
-5.996e-10
-7.16604e-11
1.08671e-10
0.962353
0.0376475
-0.190342
0.0376475
0.962353
0.190342
-5.996e-10
-7.16604e-11
1.08671e-10
0.962353
0.0376475
-0.190342
0
1
0
0
0
0
1
0
-0
0
1
0
0
0
0
1
0
-0
0
1
0
0
0
0
1
0
-0
-1.74038e-17
1
0
0.5
5.90221e-09
0
0.5
-5.90221e-09
0
-1.74038e-17
1
0
0.5
5.90221e-09
0
0.5
-5.90221e-09
0
-1.74038e-17
1
0
0.5
5.90221e-09
0
0.5
-5.90221e-09
0
0.0376475
0.962353
0.190342
-5.996e-10
-7.16604e-11
1.08671e-10
0.962353
0.0376475
-0.190342
0.0376475
0.962353
0.190342
-5.996e-10
-7.16604e-11
1.08671e-10
0.962353
0.0376475
-0.190342
0.0376475
0.962353
0.190342
-5.996e-10
-7.16604e-11
1.08671e-10
0.962353
0.0376475
-0.190342
0
1
0
0
0
0
1
0
-0
0
1
0
0
0
0
1
0
-0
0
1
0
0
0
0
1
0
-0
0.0376475
0.962353
0.190342
-5.996e-10
-7.16604e-11
1.08671e-10
0.962353
0.0376475
-0.190342
0.0376475
0.962353
0.190342
-5.996e-10
-7.16604e-11
1.08671e-10
0.962353
0.0376475
-0.190342
0.0376475
0.962353
0.190342
-5.996e-10
-7.16604e-11
1.08671e-10
0.962353
0.0376475
-0.190342
0
1
0
0
0
0
1
-1.11022e-16
-0
0
1
0
0
0
0
1
-1.11022e-16
-0
0
1
0
0
0
0
1
-1.11022e-16
-0
0
1
0
0
0
0
1
0
-0
0
1
0
0
0
0
1
0
-0
0
1
0
0
0
0
1
0
-0
0.0174867
0.982513
-0.131076
-1.40734e-09
-7.57922e-11
-1.8086e-10
0.982513
0.0174867
0.131076
0.0174867
0.982513
-0.131076
-1.40734e-09
-7.57922e-11
-1.8086e-10
0.982513
0.0174867
0.131076
0.0174867
0.982513
-0.131076
-1.40734e-09
-7.57922e-11
-1.8086e-10
0.982513
0.0174867
0.131076
0
1
0
0
0
0
1
-1.11022e-16
-0
0
1
0
0
0
0
1
-1.11022e-16
-0
0
1
0
0
0
0
1
-1.11022e-16
-0
0.0174867
0.982513
-0.131076
-1.40734e-09
-7.57922e-11
-1.8086e-10
0.982513
0.0174867
0.131076
0.0174867
0.982513
-0.131076
-1.40734e-09
-7.57922e-11
-1.8086e-10
0.982513
0.0174867
0.131076
0.0174867
0.982513
-0.131076
-1.40734e-09
-7.57922e-11
-1.8086e-10
0.982513
0.0174867
0.131076
0
1
0
0
0
0
1
0
-0
0
1
0
0
0
0
1
0
-0
0
1
0
0
0
0
1
0
-0
0.0174867
0.982513
-0.131076
-1.40734e-09
-7.57922e-11
-1.8086e-10
0.982513
0.0174867
0.131076
0.0174867
0.982513
-0.131076
-1.40734e-09
-7.57922e-11
-1.8086e-10
0.982513
0.0174867
0.131076
0.0174867
0.982513
-0.131076
-1.40734e-09
-7.57922e-11
-1.8086e-10
0.982513
0.0174867
0.131076
0.00635815
0.993642
-0.0794841
1.43632e-09
2.766e-11
1.13408e-10
0.993642
0.00635815
0.0794841
0.00635815
0.993642
-0.0794841
1.43632e-09
2.766e-11
1.13408e-10
0.993642
0.00635815
0.0794841
0.00635815
0.993642
-0.0794841
1.43632e-09
2.766e-11
1.13408e-10
0.993642
0.00635815
0.0794841
0.00635815
0.993642
-0.0794841
1.43632e-09
2.766e-11
1.13408e-10
0.993642
0.00635815
0.0794841
0.00635815
0.993642
-0.0794841
1.43632e-09
2.766e-11
1.13408e-10
0.993642
0.00635815
0.0794841
0.00635815
0.993642
-0.0794841
1.43632e-09
2.766e-11
1.13408e-10
0.993642
0.00635815
0.0794841
0.0553497
0.94465
0.228662
-1.47646e-10
-2.6641e-11
3.11135e-11
0.94465
0.0553497
-0.228662
0.0553497
0.94465
0.228662
-1.47646e-10
-2.6641e-11
3.11135e-11
0.94465
0.0553497
-0.228662
0.0553497
0.94465
0.228662
-1.47646e-10
-2.6641e-11
3.11135e-11
0.94465
0.0553497
-0.228662
0.0747832
0.925217
-0.263041
6.14399e-11
1.542e-11
1.4234e-11
0.925217
0.0747832
0.263041
0.0747832
0.925217
-0.263041
6.14399e-11
1.542e-11
1.4234e-11
0.925217
0.0747832
0.263041
0.0747832
0.925217
-0.263041
6.14399e-11
1.542e-11
1.4234e-11
0.925217
0.0747832
0.263041
0.0747832
0.925217
-0.263041
6.14399e-11
1.542e-11
1.4234e-11
0.925217
0.0747832
0.263041
0.0747832
0.925217
-0.263041
6.14399e-11
1.542e-11
1.4234e-11
0.925217
0.0747832
0.263041
0.0747832
0.925217
-0.263041
6.14399e-11
1.542e-11
1.4234e-11
0.925217
0.0747832
0.263041
0.0553497
0.94465
0.228662
-1.47646e-10
-2.6641e-11
3.11135e-11
0.94465
0.0553497
-0.228662
0.0553497
0.94465
0.228662
-1.47646e-10
-2.6641e-11
3.11135e-11
0.94465
0.0553497
-0.228662
0.0553497
0.94465
0.228662
-1.47646e-10
-2.6641e-11
3.11135e-11
0.94465
0.0553497
-0.228662
0.000570052
0.99943
-0.023869
-7.74059e-09
-1.33882e-11
-1.84653e-10
0.99943
0.000570052
0.023869
0.000570052
0.99943
-0.023869
-7.74059e-09
-1.33882e-11
-1.84653e-10
0.99943
0.000570052
0.023869
0.000570052
0.99943
-0.023869
-7.74059e-09
-1.33882e-11
-1.84653e-10
0.99943
0.000570052
0.023869
-1.11022e-16
1
0
0
0
0
1
-2.22045e-16
-0
-1.11022e-16
1
0
0
0
0
1
-2.22045e-16
-0
-1.11022e-16
1
0
0
0
0
1
-2.22045e-16
-0
0.0189702
0.98103
-0.13642
6.68629e-10
3.91519e-11
8.92591e-11
0.98103
0.0189702
0.13642
0.0189702
0.98103
-0.13642
6.68629e-10
3.91519e-11
8.92591e-11
0.98103
0.0189702
0.13642
0.0189702
0.98103
-0.13642
6.68629e-10
3.91519e-11
8.92591e-11
0.98103
0.0189702
0.13642
0.000570052
0.99943
-0.023869
-7.74059e-09
-1.33882e-11
-1.84653e-10
0.99943
0.000570052
0.023869
0.000570052
0.99943
-0.023869
-7.74059e-09
-1.33882e-11
-1.84653e-10
0.99943
0.000570052
0.023869
0.000570052
0.99943
-0.023869
-7.74059e-09
-1.33882e-11
-1.84653e-10
0.99943
0.000570052
0.023869
0.0189702
0.98103
-0.13642
6.68629e-10
3.91519e-11
8.92591e-11
0.98103
0.0189702
0.13642
0.0189702
0.98103
-0.13642
6.68629e-10
3.91519e-11
8.92591e-11
0.98103
0.0189702
0.13642
0.0189702
0.98103
-0.13642
6.68629e-10
3.91519e-11
8.92591e-11
0.98103
0.0189702
0.13642
0
1
0
0
0
0
1
-1.11022e-16
-0
0
1
0
0
0
0
1
-1.11022e-16
-0
0
1
0
0
0
0
1
-1.11022e-16
-0
0.00498977
0.99501
0.0704618
-4.1488e-09
-6.25681e-11
2.90826e-10
0.99501
0.00498977
-0.0704618
0.00498977
0.99501
0.0704618
-4.1488e-09
-6.25681e-11
2.90826e-10
0.99501
0.00498977
-0.0704618
0.00498977
0.99501
0.0704618
-4.1488e-09
-6.25681e-11
2.90826e-10
0.99501
0.00498977
-0.0704618
0.0386944
0.961306
-0.192865
9.51613e-11
1.17085e-11
1.74455e-11
0.961306
0.0386944
0.192865
0.0386944
0.961306
-0.192865
9.51613e-11
1.17085e-11
1.74455e-11
0.961306
0.0386944
0.192865
0.0386944
0.961306
-0.192865
9.51613e-11
1.17085e-11
1.74455e-11
0.961306
0.0386944
0.192865
0.00498977
0.99501
0.0704618
-4.1488e-09
-6.25681e-11
2.90826e-10
0.99501
0.00498977
-0.0704618
0.00498977
0.99501
0.0704618
-4.1488e-09
-6.25681e-11
2.90826e-10
0.99501
0.00498977
-0.0704618
0.00498977
0.99501
0.0704618
-4.1488e-09
-6.25681e-11
2.90826e-10
0.99501
0.00498977
-0.0704618
0.0386944
0.961306
-0.192865
9.51613e-11
1.17085e-11
1.74455e-11
0.961306
0.0386944
0.192865
0.0386944
0.961306
-0.192865
9.51613e-11
1.17085e-11
1.74455e-11
0.961306
0.0386944
0.192865
0.0386944
0.961306
-0.192865
9.51613e-11
1.17085e-11
1.74455e-11
0.961306
0.0386944
0.192865
0.000570052
0.99943
-0.023869
-7.74059e-09
-1.33882e-11
-1.84653e-10
0.99943
0.000570052
0.023869
0.000570052
0.99943
-0.023869
-7.74059e-09
-1.33882e-11
-1.84653e-10
0.99943
0.000570052
0.023869
0.000570052
0.99943
-0.023869
-7.74059e-09
-1.33882e-11
-1.84653e-10
0.99943
0.000570052
0.023869
-1.74038e-17
1
0
0.5
5.90221e-09
0
0.5
-5.90221e-09
0
-1.74038e-17
1
0
0.5
5.90221e-09
0
0.5
-5.90221e-09
0
-1.74038e-17
1
0
0.5
5.90221e-09
0
0.5
-5.90221e-09
0
0.0376475
0.962353
0.190342
-5.996e-10
-7.16604e-11
1.08671e-10
0.962353
0.0376475
-0.190342
0.0376475
0.962353
0.190342
-5.996e-10
-7.16604e-11
1.08671e-10
0.962353
0.0376475
-0.190342
0.0376475
0.962353
0.190342
-5.996e-10
-7.16604e-11
1.08671e-10
0.962353
0.0376475
-0.190342
0.0376475
0.962353
0.190342
-5.996e-10
-7.16604e-11
1.08671e-10
0.962353
0.0376475
-0.190342
0.0376475
0.962353
0.190342
-5.996e-10
-7.16604e-11
1.08671e-10
0.962353
0.0376475
-0.190342
0.0376475
0.962353
0.190342
-5.996e-10
-7.16604e-11
1.08671e-10
0.962353
0.0376475
-0.190342
0.0747832
0.925217
-0.263041
6.14399e-11
1.542e-11
1.4234e-11
0.925217
0.0747832
0.263041
0.0747832
0.925217
-0.263041
6.14399e-11
1.542e-11
1.4234e-11
0.925217
0.0747832
0.263041
0.0747832
0.925217
-0.263041
6.14399e-11
1.542e-11
1.4234e-11
0.925217
0.0747832
0.263041
0.00498977
0.99501
0.0704618
-4.1488e-09
-6.25681e-11
2.90826e-10
0.99501
0.00498977
-0.0704618
0.00498977
0.99501
0.0704618
-4.1488e-09
-6.25681e-11
2.90826e-10
0.99501
0.00498977
-0.0704618
0.00498977
0.99501
0.0704618
-4.1488e-09
-6.25681e-11
2.90826e-10
0.99501
0.00498977
-0.0704618
-6.15348e-17
1
0
0.5
-1.15348e-09
0
0.5
1.15348e-09
0
-6.15348e-17
1
0
0.5
-1.15348e-09
0
0.5
1.15348e-09
0
-6.15348e-17
1
0
0.5
-1.15348e-09
0
0.5
1.15348e-09
0
0.0553497
0.94465
0.228662
-1.47646e-10
-2.6641e-11
3.11135e-11
0.94465
0.0553497
-0.228662
0.0553497
0.94465
0.228662
-1.47646e-10
-2.6641e-11
3.11135e-11
0.94465
0.0553497
-0.228662
0.0553497
0.94465
0.228662
-1.47646e-10
-2.6641e-11
3.11135e-11
0.94465
0.0553497
-0.228662
-5.55112e-17
1
0
0
0
0
1
-2.22045e-16
-0
-5.55112e-17
1
0
0
0
0
1
-2.22045e-16
-0
-5.55112e-17
1
0
0
0
0
1
-2.22045e-16
-0
0.0214634
0.978537
0.144923
-4.99823e-10
-3.32376e-11
7.06521e-11
0.978537
0.0214634
-0.144923
0.0214634
0.978537
0.144923
-4.99823e-10
-3.32376e-11
7.06521e-11
0.978537
0.0214634
-0.144923
0.0214634
0.978537
0.144923
-4.99823e-10
-3.32376e-11
7.06521e-11
0.978537
0.0214634
-0.144923
0.0214634
0.978537
0.144923
-4.99823e-10
-3.32376e-11
7.06521e-11
0.978537
0.0214634
-0.144923
0.0214634
0.978537
0.144923
-4.99823e-10
-3.32376e-11
7.06521e-11
0.978537
0.0214634
-0.144923
0.0214634
0.978537
0.144923
-4.99823e-10
-3.32376e-11
7.06521e-11
0.978537
0.0214634
-0.144923
0.0058689
0.994131
0.0763836
1.37849e-09
2.44806e-11
-1.04652e-10
0.994131
0.0058689
-0.0763836
0.0058689
0.994131
0.0763836
1.37849e-09
2.44806e-11
-1.04652e-10
0.994131
0.0058689
-0.0763836
0.0058689
0.994131
0.0763836
1.37849e-09
2.44806e-11
-1.04652e-10
0.994131
0.0058689
-0.0763836
0
1
0
0
0
0
1
-1.11022e-16
-0
0
1
0
0
0
0
1
-1.11022e-16
-0
0
1
0
0
0
0
1
-1.11022e-16
-0
0.0169153
0.983085
0.128954
8.33807e-10
4.3402e-11
-1.05496e-10
0.983085
0.0169153
-0.128954
0.0169153
0.983085
0.128954
8.33807e-10
4.3402e-11
-1.05496e-10
0.983085
0.0169153
-0.128954
0.0169153
0.983085
0.128954
8.33807e-10
4.3402e-11
-1.05496e-10
0.983085
0.0169153
-0.128954
0.0169153
0.983085
0.128954
8.33807e-10
4.3402e-11
-1.05496e-10
0.983085
0.0169153
-0.128954
0.0169153
0.983085
0.128954
8.33807e-10
4.3402e-11
-1.05496e-10
0.983085
0.0169153
-0.128954
0.0169153
0.983085
0.128954
8.33807e-10
4.3402e-11
-1.05496e-10
0.983085
0.0169153
-0.128954
0.00635815
0.993642
-0.0794841
1.43632e-09
2.766e-11
1.13408e-10
0.993642
0.00635815
0.0794841
0.00635815
0.993642
-0.0794841
1.43632e-09
2.766e-11
1.13408e-10
0.993642
0.00635815
0.0794841
0.00635815
0.993642
-0.0794841
1.43632e-09
2.766e-11
1.13408e-10
0.993642
0.00635815
0.0794841
0
1
0
0
0
0
1
-1.11022e-16
-0
0
1
0
0
0
0
1
-1.11022e-16
-0
0
1
0
0
0
0
1
-1.11022e-16
-0
0.0174867
0.982513
-0.131076
-1.40734e-09
-7.57922e-11
-1.8086e-10
0.982513
0.0174867
0.131076
0.0174867
0.982513
-0.131076
-1.40734e-09
-7.57922e-11
-1.8086e-10
0.982513
0.0174867
0.131076
0.0174867
0.982513
-0.131076
-1.40734e-09
-7.57922e-11
-1.8086e-10
0.982513
0.0174867
0.131076
0.0174867
0.982513
-0.131076
-1.40734e-09
-7.57922e-11
-1.8086e-10
0.982513
0.0174867
0.131076
0.0174867
0.982513
-0.131076
-1.40734e-09
-7.57922e-11
-1.8086e-10
0.982513
0.0174867
0.131076
0.0174867
0.982513
-0.131076
-1.40734e-09
-7.57922e-11
-1.8086e-10
0.982513
0.0174867
0.131076
0
1
0
0
0
0
1
-1.11022e-16
-0
0
1
0
0
0
0
1
-1.11022e-16
-0
0
1
0
0
0
0
1
-1.11022e-16
-0
0.0386944
0.961306
-0.192865
9.51613e-11
1.17085e-11
1.74455e-11
0.961306
0.0386944
0.192865
0.0386944
0.961306
-0.192865
9.51613e-11
1.17085e-11
1.74455e-11
0.961306
0.0386944
0.192865
0.0386944
0.961306
-0.192865
9.51613e-11
1.17085e-11
1.74455e-11
0.961306
0.0386944
0.192865
0.0169153
0.983085
0.128954
8.33807e-10
4.3402e-11
-1.05496e-10
0.983085
0.0169153
-0.128954
0.0169153
0.983085
0.128954
8.33807e-10
4.3402e-11
-1.05496e-10
0.983085
0.0169153
-0.128954
0.0169153
0.983085
0.128954
8.33807e-10
4.3402e-11
-1.05496e-10
0.983085
0.0169153
-0.128954
-7.15067e-18
1
0
0.5
4.64039e-09
0
0.5
-4.64039e-09
0
-7.15067e-18
1
0
0.5
4.64039e-09
0
0.5
-4.64039e-09
0
-7.15067e-18
1
0
0.5
4.64039e-09
0
0.5
-4.64039e-09
0
0.0189702
0.98103
-0.13642
6.68629e-10
3.91519e-11
8.92591e-11
0.98103
0.0189702
0.13642
0.0189702
0.98103
-0.13642
6.68629e-10
3.91519e-11
8.92591e-11
0.98103
0.0189702
0.13642
0.0189702
0.98103
-0.13642
6.68629e-10
3.91519e-11
8.92591e-11
0.98103
0.0189702
0.13642
0.0214634
0.978537
0.144923
-4.99823e-10
-3.32376e-11
7.06521e-11
0.978537
0.0214634
-0.144923
0.0214634
0.978537
0.144923
-4.99823e-10
-3.32376e-11
7.06521e-11
0.978537
0.0214634
-0.144923
0.0214634
0.978537
0.144923
-4.99823e-10
-3.32376e-11
7.06521e-11
0.978537
0.0214634
-0.144923
0
1
0
0
0
0
1
0
-0
0
1
0
0
0
0
1
0
-0
0
1
0
0
0
0
1
0
-0
0.0376475
0.962353
0.190342
-5.996e-10
-7.16604e-11
1.08671e-10
0.962353
0.0376475
-0.190342
0.0376475
0.962353
0.190342
-5.996e-10
-7.16604e-11
1.08671e-10
0.962353
0.0376475
-0.190342
0.0376475
0.962353
0.190342
-5.996e-10
-7.16604e-11
1.08671e-10
0.962353
0.0376475
-0.190342
0.0174867
0.982513
-0.131076
-1.40734e-09
-7.57922e-11
-1.8086e-10
0.982513
0.0174867
0.131076
0.0174867
0.982513
-0.131076
-1.40734e-09
-7.57922e-11
-1.8086e-10
0.982513
0.0174867
0.131076
0.0174867
0.982513
-0.131076
-1.40734e-09
-7.57922e-11
-1.8086e-10
0.982513
0.0174867
0.131076
