0.004129850296911
0.000000000000000
-0.000024380785154
0.004129850296911
0.000000000000000
-0.000024380785154
0.004129850296911
0.000000000000000
-0.000024380785154
0.004742876791918
0.000000000000000
0.000000000000000
0.004742876791918
0.000000000000000
0.000000000000000
0.004742876791918
0.000000000000000
0.000000000000000
0.004129850296911
0.000000000000000
-0.000024380785154
0.004129850296911
0.000000000000000
-0.000024380785154
0.004129850296911
0.000000000000000
-0.000024380785154
0.004742876791918
0.000000000000000
0.000000000000000
0.004742876791918
0.000000000000000
0.000000000000000
0.004742876791918
0.000000000000000
0.000000000000000
0.004129850296911
0.000000000000000
-0.000024380785154
0.004129850296911
0.000000000000000
-0.000024380785154
0.004129850296911
0.000000000000000
-0.000024380785154
0.004742876791918
0.000000000000000
0.000000000000000
0.004742876791918
0.000000000000000
0.000000000000000
0.004742876791918
0.000000000000000
0.000000000000000
0.004139599148552
0.000000000000000
-0.000026488608706
0.004139599148552
0.000000000000000
-0.000026488608706
0.004139599148552
0.000000000000000
-0.000026488608706
0.004778629966789
0.000000000000000
0.000000000000000
0.004778629966789
0.000000000000000
0.000000000000000
0.004778629966789
0.000000000000000
0.000000000000000
0.004778629966789
0.000000000000000
0.000000000000000
0.004778629966789
0.000000000000000
0.000000000000000
0.004778629966789
0.000000000000000
0.000000000000000
0.004139599148552
0.000000000000000
-0.000026488608706
0.004139599148552
0.000000000000000
-0.000026488608706
0.004139599148552
0.000000000000000
-0.000026488608706
0.004139599148552
0.000000000000000
-0.000026488608706
0.004139599148552
0.000000000000000
-0.000026488608706
0.004139599148552
0.000000000000000
-0.000026488608706
0.004778629966789
0.000000000000000
0.000000000000000
0.004778629966789
0.000000000000000
0.000000000000000
0.004778629966789
0.000000000000000
0.000000000000000
0.004129850296911
0.000000000000000
-0.000024380785154
0.004129850296911
0.000000000000000
-0.000024380785154
0.004129850296911
0.000000000000000
-0.000024380785154
0.004129850296911
0.000000000000000
-0.000024380785154
0.004129850296911
0.000000000000000
-0.000024380785154
0.004129850296911
0.000000000000000
-0.000024380785154
0.004742876791918
0.000000000000000
0.000000000000000
0.004742876791918
0.000000000000000
0.000000000000000
0.004742876791918
0.000000000000000
0.000000000000000
0.006153751480746
0.000000000000000
0.000000000000000
0.006153751480746
0.000000000000000
0.000000000000000
0.006153751480746
0.000000000000000
0.000000000000000
0.005071408810744
0.000000000000000
-0.000087260492084
0.005071408810744
0.000000000000000
-0.000087260492084
0.005071408810744
0.000000000000000
-0.000087260492084
0.006153751480746
0.000000000000000
0.000000000000000
0.006153751480746
0.000000000000000
0.000000000000000
0.006153751480746
0.000000000000000
0.000000000000000
0.004742876791918
0.000000000000000
0.000000000000000
0.004742876791918
0.000000000000000
0.000000000000000
0.004742876791918
0.000000000000000
0.000000000000000
0.005071408810744
0.000000000000000
-0.000087260492084
0.005071408810744
0.000000000000000
-0.000087260492084
0.005071408810744
0.000000000000000
-0.000087260492084
0.006153751480746
0.000000000000000
0.000000000000000
0.006153751480746
0.000000000000000
0.000000000000000
0.006153751480746
0.000000000000000
0.000000000000000
0.005071408810744
0.000000000000000
-0.000087260492084
0.005071408810744
0.000000000000000
-0.000087260492084
0.005071408810744
0.000000000000000
-0.000087260492084
0.004174101785472
0.000000000000000
0.000000000000000
0.004174101785472
0.000000000000000
0.000000000000000
0.004174101785472
0.000000000000000
0.000000000000000
0.006153751480746
0.000000000000000
0.000000000000000
0.006153751480746
0.000000000000000
0.000000000000000
0.006153751480746
0.000000000000000
0.000000000000000
0.005026282599169
0.000000000000000
-0.000202317294455
0.005026282599169
0.000000000000000
-0.000202317294455
0.005026282599169
0.000000000000000
-0.000202317294455
0.004174101785472
0.000000000000000
0.000000000000000
0.004174101785472
0.000000000000000
0.000000000000000
0.004174101785472
0.000000000000000
0.000000000000000
0.004174101785472
0.000000000000000
0.000000000000000
0.004174101785472
0.000000000000000
0.000000000000000
0.004174101785472
0.000000000000000
0.000000000000000
0.005026282599169
0.000000000000000
-0.000202317294455
0.005026282599169
0.000000000000000
-0.000202317294455
0.005026282599169
0.000000000000000
-0.000202317294455
0.006153751480746
0.000000000000000
0.000000000000000
0.006153751480746
0.000000000000000
0.000000000000000
0.006153751480746
0.000000000000000
0.000000000000000
0.005026282599169
0.000000000000000
-0.000202317294455
0.005026282599169
0.000000000000000
-0.000202317294455
0.005026282599169
0.000000000000000
-0.000202317294455
0.004174101785472
0.000000000000000
0.000000000000000
0.004174101785472
0.000000000000000
0.000000000000000
0.004174101785472
0.000000000000000
0.000000000000000
0.004675154922959
0.000000000000000
-0.000023444927302
0.004675154922959
0.000000000000000
-0.000023444927302
0.004675154922959
0.000000000000000
-0.000023444927302
0.004871395167576
0.000000000024196
-0.000000000024196
0.004871395167576
0.000000000024196
-0.000000000024196
0.004871395167576
0.000000000024196
-0.000000000024196
0.004871395167576
0.000000000024196
-0.000000000024196
0.004871395167576
0.000000000024196
-0.000000000024196
0.004871395167576
0.000000000024196
-0.000000000024196
0.004174101785472
0.000000000000000
0.000000000000000
0.004174101785472
0.000000000000000
0.000000000000000
0.004174101785472
0.000000000000000
0.000000000000000
0.004675154922959
0.000000000000000
-0.000023444927302
0.004675154922959
0.000000000000000
-0.000023444927302
0.004675154922959
0.000000000000000
-0.000023444927302
0.004675154922959
0.000000000000000
-0.000023444927302
0.004675154922959
0.000000000000000
-0.000023444927302
0.004675154922959
0.000000000000000
-0.000023444927302
0.004871395167576
0.000000000024196
-0.000000000024196
0.004871395167576
0.000000000024196
-0.000000000024196
0.004871395167576
0.000000000024196
-0.000000000024196
0.003116802204051
0.000000000000000
-0.000182622098030
0.003116802204051
0.000000000000000
-0.000182622098030
0.003116802204051
0.000000000000000
-0.000182622098030
0.003423337884218
0.000000000000000
-0.000276700705772
0.003423337884218
0.000000000000000
-0.000276700705772
0.003423337884218
0.000000000000000
-0.000276700705772
0.004512482655145
0.000000000000000
0.000000000000000
0.004512482655145
0.000000000000000
0.000000000000000
0.004512482655145
0.000000000000000
0.000000000000000
0.004871395167576
0.000000000024196
-0.000000000024196
0.004871395167576
0.000000000024196
-0.000000000024196
0.004871395167576
0.000000000024196
-0.000000000024196
0.004512482655145
0.000000000000000
0.000000000000000
0.004512482655145
0.000000000000000
0.000000000000000
0.004512482655145
0.000000000000000
0.000000000000000
0.003116802204051
0.000000000000000
-0.000182622098030
0.003116802204051
0.000000000000000
-0.000182622098030
0.003116802204051
0.000000000000000
-0.000182622098030
0.003423337884218
0.000000000000000
-0.000276700705772
0.003423337884218
0.000000000000000
-0.000276700705772
0.003423337884218
0.000000000000000
-0.000276700705772
0.003423337884218
0.000000000000000
-0.000276700705772
0.003423337884218
0.000000000000000
-0.000276700705772
0.003423337884218
0.000000000000000
-0.000276700705772
0.004871395167576
0.000000000024196
-0.000000000024196
0.004871395167576
0.000000000024196
-0.000000000024196
0.004871395167576
0.000000000024196
-0.000000000024196
0.003116802204051
0.000000000000000
-0.000182622098030
0.003116802204051
0.000000000000000
-0.000182622098030
0.003116802204051
0.000000000000000
-0.000182622098030
0.004512482655145
0.000000000000000
0.000000000000000
0.004512482655145
0.000000000000000
0.000000000000000
0.004512482655145
0.000000000000000
0.000000000000000
0.004512482655145
0.000000000000000
0.000000000000000
0.004512482655145
0.000000000000000
0.000000000000000
0.004512482655145
0.000000000000000
0.000000000000000
0.005952735281862
0.000000000034142
-0.000000000034142
0.005952735281862
0.000000000034142
-0.000000000034142
0.005952735281862
0.000000000034142
-0.000000000034142
0.004731358170385
0.000000000000000
-0.000103778589432
0.004731358170385
0.000000000000000
-0.000103778589432
0.004731358170385
0.000000000000000
-0.000103778589432
0.005952735281862
0.000000000034142
-0.000000000034142
0.005952735281862
0.000000000034142
-0.000000000034142
0.005952735281862
0.000000000034142
-0.000000000034142
0.004512482655145
0.000000000000000
0.000000000000000
0.004512482655145
0.000000000000000
0.000000000000000
0.004512482655145
0.000000000000000
0.000000000000000
0.004731358170385
0.000000000000000
-0.000103778589432
0.004731358170385
0.000000000000000
-0.000103778589432
0.004731358170385
0.000000000000000
-0.000103778589432
0.005952735281862
0.000000000034142
-0.000000000034142
0.005952735281862
0.000000000034142
-0.000000000034142
0.005952735281862
0.000000000034142
-0.000000000034142
0.004731358170385
0.000000000000000
-0.000103778589432
0.004731358170385
0.000000000000000
-0.000103778589432
0.004731358170385
0.000000000000000
-0.000103778589432
0.004398214324984
0.000000000000000
0.000000000000000
0.004398214324984
0.000000000000000
0.000000000000000
0.004398214324984
0.000000000000000
0.000000000000000
0.005952735281862
0.000000000034142
-0.000000000034142
0.005952735281862
0.000000000034142
-0.000000000034142
0.005952735281862
0.000000000034142
-0.000000000034142
0.005260578640846
-0.000000000000000
-0.000101723796847
0.005260578640846
-0.000000000000000
-0.000101723796847
0.005260578640846
-0.000000000000000
-0.000101723796847
0.004398214324984
0.000000000000000
0.000000000000000
0.004398214324984
0.000000000000000
0.000000000000000
0.004398214324984
0.000000000000000
0.000000000000000
0.004398214324984
0.000000000000000
0.000000000000000
0.004398214324984
0.000000000000000
0.000000000000000
0.004398214324984
0.000000000000000
0.000000000000000
0.005260578640846
-0.000000000000000
-0.000101723796847
0.005260578640846
-0.000000000000000
-0.000101723796847
0.005260578640846
-0.000000000000000
-0.000101723796847
0.005952735281862
0.000000000034142
-0.000000000034142
0.005952735281862
0.000000000034142
-0.000000000034142
0.005952735281862
0.000000000034142
-0.000000000034142
0.005260578640846
-0.000000000000000
-0.000101723796847
0.005260578640846
-0.000000000000000
-0.000101723796847
0.005260578640846
-0.000000000000000
-0.000101723796847
0.004282097686265
0.000000000000000
-0.000002442410650
0.004282097686265
0.000000000000000
-0.000002442410650
0.004282097686265
0.000000000000000
-0.000002442410650
0.004133298889176
0.000000000011853
-0.000000000011853
0.004133298889176
0.000000000011853
-0.000000000011853
0.004133298889176
0.000000000011853
-0.000000000011853
0.004398214324984
0.000000000000000
0.000000000000000
0.004398214324984
0.000000000000000
0.000000000000000
0.004398214324984
0.000000000000000
0.000000000000000
0.004133298889176
0.000000000011853
-0.000000000011853
0.004133298889176
0.000000000011853
-0.000000000011853
0.004133298889176
0.000000000011853
-0.000000000011853
0.004282097686265
0.000000000000000
-0.000002442410650
0.004282097686265
0.000000000000000
-0.000002442410650
0.004282097686265
0.000000000000000
-0.000002442410650
0.004398214324984
0.000000000000000
0.000000000000000
0.004398214324984
0.000000000000000
0.000000000000000
0.004398214324984
0.000000000000000
0.000000000000000
0.004282097686265
0.000000000000000
-0.000002442410650
0.004282097686265
0.000000000000000
-0.000002442410650
0.004282097686265
0.000000000000000
-0.000002442410650
0.004133298889176
0.000000000011853
-0.000000000011853
0.004133298889176
0.000000000011853
-0.000000000011853
0.004133298889176
0.000000000011853
-0.000000000011853
0.004133298889176
0.000000000011853
-0.000000000011853
0.004133298889176
0.000000000011853
-0.000000000011853
0.004133298889176
0.000000000011853
-0.000000000011853
0.006163043310787
0.000000000000000
0.000000000000000
0.006163043310787
0.000000000000000
0.000000000000000
0.006163043310787
0.000000000000000
0.000000000000000
0.004949002968597
0.000000000000000
-0.000193606228385
0.004949002968597
0.000000000000000
-0.000193606228385
0.004949002968597
0.000000000000000
-0.000193606228385
0.006163043310787
0.000000000000000
0.000000000000000
0.006163043310787
0.000000000000000
0.000000000000000
0.006163043310787
0.000000000000000
0.000000000000000
0.004133298889176
0.000000000011853
-0.000000000011853
0.004133298889176
0.000000000011853
-0.000000000011853
0.004133298889176
0.000000000011853
-0.000000000011853
0.004949002968597
0.000000000000000
-0.000193606228385
0.004949002968597
0.000000000000000
-0.000193606228385
0.004949002968597
0.000000000000000
-0.000193606228385
0.006163043310787
0.000000000000000
0.000000000000000
0.006163043310787
0.000000000000000
0.000000000000000
0.006163043310787
0.000000000000000
0.000000000000000
0.004949002968597
0.000000000000000
-0.000193606228385
0.004949002968597
0.000000000000000
-0.000193606228385
0.004949002968597
0.000000000000000
-0.000193606228385
0.004778629966789
0.000000000000000
0.000000000000000
0.004778629966789
0.000000000000000
0.000000000000000
0.004778629966789
0.000000000000000
0.000000000000000
0.006163043310787
0.000000000000000
0.000000000000000
0.006163043310787
0.000000000000000
0.000000000000000
0.006163043310787
0.000000000000000
0.000000000000000
0.005129647647723
-0.000000000000000
-0.000091297302927
0.005129647647723
-0.000000000000000
-0.000091297302927
0.005129647647723
-0.000000000000000
-0.000091297302927
0.004778629966789
0.000000000000000
0.000000000000000
0.004778629966789
0.000000000000000
0.000000000000000
0.004778629966789
0.000000000000000
0.000000000000000
0.005129647647723
-0.000000000000000
-0.000091297302927
0.005129647647723
-0.000000000000000
-0.000091297302927
0.005129647647723
-0.000000000000000
-0.000091297302927
0.006163043310787
0.000000000000000
0.000000000000000
0.006163043310787
0.000000000000000
0.000000000000000
0.006163043310787
0.000000000000000
0.000000000000000
0.005129647647723
-0.000000000000000
-0.000091297302927
0.005129647647723
-0.000000000000000
-0.000091297302927
0.005129647647723
-0.000000000000000
-0.000091297302927
0.004139599148552
0.000000000000000
-0.000026488608706
0.004139599148552
0.000000000000000
-0.000026488608706
0.004139599148552
0.000000000000000
-0.000026488608706
0.004139599148552
0.000000000000000
-0.000026488608706
0.004139599148552
0.000000000000000
-0.000026488608706
0.004139599148552
0.000000000000000
-0.000026488608706
0.003116802204051
0.000000000000000
-0.000182622098030
0.003116802204051
0.000000000000000
-0.000182622098030
0.003116802204051
0.000000000000000
-0.000182622098030
0.003423337884218
0.000000000000000
-0.000276700705772
0.003423337884218
0.000000000000000
-0.000276700705772
0.003423337884218
0.000000000000000
-0.000276700705772
0.003423337884218
0.000000000000000
-0.000276700705772
0.003423337884218
0.000000000000000
-0.000276700705772
0.003423337884218
0.000000000000000
-0.000276700705772
0.003116802204051
0.000000000000000
-0.000182622098030
0.003116802204051
0.000000000000000
-0.000182622098030
0.003116802204051
0.000000000000000
-0.000182622098030
0.004282097686265
0.000000000000000
-0.000002442410650
0.004282097686265
0.000000000000000
-0.000002442410650
0.004282097686265
0.000000000000000
-0.000002442410650
0.004398214324984
0.000000000000000
0.000000000000000
0.004398214324984
0.000000000000000
0.000000000000000
0.004398214324984
0.000000000000000
0.000000000000000
0.005260578640846
-0.000000000000000
-0.000101723796847
0.005260578640846
-0.000000000000000
-0.000101723796847
0.005260578640846
-0.000000000000000
-0.000101723796847
0.004282097686265
0.000000000000000
-0.000002442410650
0.004282097686265
0.000000000000000
-0.000002442410650
0.004282097686265
0.000000000000000
-0.000002442410650
0.005260578640846
-0.000000000000000
-0.000101723796847
0.005260578640846
-0.000000000000000
-0.000101723796847
0.005260578640846
-0.000000000000000
-0.000101723796847
0.004174101785472
0.000000000000000
0.000000000000000
0.004174101785472
0.000000000000000
0.000000000000000
0.004174101785472
0.000000000000000
0.000000000000000
0.004675154922959
0.000000000000000
-0.000023444927302
0.004675154922959
0.000000000000000
-0.000023444927302
0.004675154922959
0.000000000000000
-0.000023444927302
0.005026282599169
0.000000000000000
-0.000202317294455
0.005026282599169
0.000000000000000
-0.000202317294455
0.005026282599169
0.000000000000000
-0.000202317294455
0.004675154922959
0.000000000000000
-0.000023444927302
0.004675154922959
0.000000000000000
-0.000023444927302
0.004675154922959
0.000000000000000
-0.000023444927302
0.005026282599169
0.000000000000000
-0.000202317294455
0.005026282599169
0.000000000000000
-0.000202317294455
0.005026282599169
0.000000000000000
-0.000202317294455
0.004282097686265
0.000000000000000
-0.000002442410650
0.004282097686265
0.000000000000000
-0.000002442410650
0.004282097686265
0.000000000000000
-0.000002442410650
0.004133298889176
0.000000000011853
-0.000000000011853
0.004133298889176
0.000000000011853
-0.000000000011853
0.004133298889176
0.000000000011853
-0.000000000011853
0.004949002968597
0.000000000000000
-0.000193606228385
0.004949002968597
0.000000000000000
-0.000193606228385
0.004949002968597
0.000000000000000
-0.000193606228385
0.004949002968597
0.000000000000000
-0.000193606228385
0.004949002968597
0.000000000000000
-0.000193606228385
0.004949002968597
0.000000000000000
-0.000193606228385
0.003423337884218
0.000000000000000
-0.000276700705772
0.003423337884218
0.000000000000000
-0.000276700705772
0.003423337884218
0.000000000000000
-0.000276700705772
0.004675154922959
0.000000000000000
-0.000023444927302
0.004675154922959
0.000000000000000
-0.000023444927302
0.004675154922959
0.000000000000000
-0.000023444927302
0.004871395167576
0.000000000024196
-0.000000000024196
0.004871395167576
0.000000000024196
-0.000000000024196
0.004871395167576
0.000000000024196
-0.000000000024196
0.003116802204051
0.000000000000000
-0.000182622098030
0.003116802204051
0.000000000000000
-0.000182622098030
0.003116802204051
0.000000000000000
-0.000182622098030
0.004512482655145
0.000000000000000
0.000000000000000
0.004512482655145
0.000000000000000
0.000000000000000
0.004512482655145
0.000000000000000
0.000000000000000
0.004731358170385
0.000000000000000
-0.000103778589432
0.004731358170385
0.000000000000000
-0.000103778589432
0.004731358170385
0.000000000000000
-0.000103778589432
0.004731358170385
0.000000000000000
-0.000103778589432
0.004731358170385
0.000000000000000
-0.000103778589432
0.004731358170385
0.000000000000000
-0.000103778589432
0.004129850296911
0.000000000000000
-0.000024380785154
0.004129850296911
0.000000000000000
-0.000024380785154
0.004129850296911
0.000000000000000
-0.000024380785154
0.004742876791918
0.000000000000000
0.000000000000000
0.004742876791918
0.000000000000000
0.000000000000000
0.004742876791918
0.000000000000000
0.000000000000000
0.005071408810744
0.000000000000000
-0.000087260492084
0.005071408810744
0.000000000000000
-0.000087260492084
0.005071408810744
0.000000000000000
-0.000087260492084
0.005071408810744
0.000000000000000
-0.000087260492084
0.005071408810744
0.000000000000000
-0.000087260492084
0.005071408810744
0.000000000000000
-0.000087260492084
0.004139599148552
0.000000000000000
-0.000026488608706
0.004139599148552
0.000000000000000
-0.000026488608706
0.004139599148552
0.000000000000000
-0.000026488608706
0.004778629966789
0.000000000000000
0.000000000000000
0.004778629966789
0.000000000000000
0.000000000000000
0.004778629966789
0.000000000000000
0.000000000000000
0.005129647647723
-0.000000000000000
-0.000091297302927
0.005129647647723
-0.000000000000000
-0.000091297302927
0.005129647647723
-0.000000000000000
-0.000091297302927
0.005129647647723
-0.000000000000000
-0.000091297302927
0.005129647647723
-0.000000000000000
-0.000091297302927
0.005129647647723
-0.000000000000000
-0.000091297302927
0.006153751480746
0.000000000000000
0.000000000000000
0.006153751480746
0.000000000000000
0.000000000000000
0.006153751480746
0.000000000000000
0.000000000000000
0.005026282599169
0.000000000000000
-0.000202317294455
0.005026282599169
0.000000000000000
-0.000202317294455
0.005026282599169
0.000000000000000
-0.000202317294455
0.005071408810744
0.000000000000000
-0.000087260492084
0.005071408810744
0.000000000000000
-0.000087260492084
0.005071408810744
0.000000000000000
-0.000087260492084
0.005952735281862
0.000000000034142
-0.000000000034142
0.005952735281862
0.000000000034142
-0.000000000034142
0.005952735281862
0.000000000034142
-0.000000000034142
0.005260578640846
-0.000000000000000
-0.000101723796847
0.005260578640846
-0.000000000000000
-0.000101723796847
0.005260578640846
-0.000000000000000
-0.000101723796847
0.004731358170385
0.000000000000000
-0.000103778589432
0.004731358170385
0.000000000000000
-0.000103778589432
0.004731358170385
0.000000000000000
-0.000103778589432
0.006163043310787
0.000000000000000
0.000000000000000
0.006163043310787
0.000000000000000
0.000000000000000
0.006163043310787
0.000000000000000
0.000000000000000
0.004949002968597
0.000000000000000
-0.000193606228385
0.004949002968597
0.000000000000000
-0.000193606228385
0.004949002968597
0.000000000000000
-0.000193606228385
0.005129647647723
-0.000000000000000
-0.000091297302927
0.005129647647723
-0.000000000000000
-0.000091297302927
0.005129647647723
-0.000000000000000
-0.000091297302927
