2.80892
-2.80892
18.1711
-2.80892
2.80892
-18.1711
18.1711
-18.1711
117.55
0.00011242
1.331e-06
-8.6116e-06
1.331e-06
1.18129e-08
-7.64702e-08
-8.6116e-06
-7.64702e-08
4.94784e-07
-2.80906
2.80892
-18.1711
2.80892
-2.80892
18.1711
-18.1711
18.1711
-117.55
2.80892
-2.80892
18.1711
-2.80892
2.80892
-18.1711
18.1711
-18.1711
117.55
0.00011242
1.331e-06
-8.6116e-06
1.331e-06
1.18129e-08
-7.64702e-08
-8.6116e-06
-7.64702e-08
4.94784e-07
-2.80906
2.80892
-18.1711
2.80892
-2.80892
18.1711
-18.1711
18.1711
-117.55
2.80892
-2.80892
18.1711
-2.80892
2.80892
-18.1711
18.1711
-18.1711
117.55
0.00011242
1.331e-06
-8.6116e-06
1.331e-06
1.18129e-08
-7.64702e-08
-8.6116e-06
-7.64702e-08
4.94784e-07
-2.80906
2.80892
-18.1711
2.80892
-2.80892
18.1711
-18.1711
18.1711
-117.55
1.42109e-14
1.56055e-14
0
-105.421
-6.24219e-14
-0
0
-0
105.421
0
0
0
0
0
0
0
0
0
-1.42109e-14
-1.56055e-14
-0
105.421
6.24219e-14
0
-0
0
-105.421
1.42109e-14
1.56055e-14
0
-105.421
-6.24219e-14
-0
0
-0
105.421
0
0
0
0
0
0
0
0
0
-1.42109e-14
-1.56055e-14
-0
105.421
6.24219e-14
0
-0
0
-105.421
1.42109e-14
1.56055e-14
0
-105.421
-6.24219e-14
-0
0
-0
105.421
0
0
0
0
0
0
0
0
0
-1.42109e-14
-1.56055e-14
-0
105.421
6.24219e-14
0
-0
0
-105.421
2.80892
-2.80892
18.1711
-2.80892
2.80892
-18.1711
18.1711
-18.1711
117.55
0.00011242
1.331e-06
-8.6116e-06
1.331e-06
1.18129e-08
-7.64702e-08
-8.6116e-06
-7.64702e-08
4.94784e-07
-2.80906
2.80892
-18.1711
2.80892
-2.80892
18.1711
-18.1711
18.1711
-117.55
2.80892
-2.80892
18.1711
-2.80892
2.80892
-18.1711
18.1711
-18.1711
117.55
0.00011242
1.331e-06
-8.6116e-06
1.331e-06
1.18129e-08
-7.64702e-08
-8.6116e-06
-7.64702e-08
4.94784e-07
-2.80906
2.80892
-18.1711
2.80892
-2.80892
18.1711
-18.1711
18.1711
-117.55
2.80892
-2.80892
18.1711
-2.80892
2.80892
-18.1711
18.1711
-18.1711
117.55
0.00011242
1.331e-06
-8.6116e-06
1.331e-06
1.18129e-08
-7.64702e-08
-8.6116e-06
-7.64702e-08
4.94784e-07
-2.80906
2.80892
-18.1711
2.80892
-2.80892
18.1711
-18.1711
18.1711
-117.55
1.42109e-14
1.56055e-14
0
-105.421
-6.24219e-14
-0
0
-0
105.421
0
0
0
0
0
0
0
0
0
-1.42109e-14
-1.56055e-14
-0
105.421
6.24219e-14
0
-0
0
-105.421
1.42109e-14
1.56055e-14
0
-105.421
-6.24219e-14
-0
0
-0
105.421
0
0
0
0
0
0
0
0
0
-1.42109e-14
-1.56055e-14
-0
105.421
6.24219e-14
0
-0
0
-105.421
1.42109e-14
1.56055e-14
0
-105.421
-6.24219e-14
-0
0
-0
105.421
0
0
0
0
0
0
0
0
0
-1.42109e-14
-1.56055e-14
-0
105.421
6.24219e-14
0
-0
0
-105.421
2.80892
-2.80892
18.1711
-2.80892
2.80892
-18.1711
18.1711
-18.1711
117.55
0.00011242
1.331e-06
-8.6116e-06
1.331e-06
1.18129e-08
-7.64702e-08
-8.6116e-06
-7.64702e-08
4.94784e-07
-2.80906
2.80892
-18.1711
2.80892
-2.80892
18.1711
-18.1711
18.1711
-117.55
2.80892
-2.80892
18.1711
-2.80892
2.80892
-18.1711
18.1711
-18.1711
117.55
0.00011242
1.331e-06
-8.6116e-06
1.331e-06
1.18129e-08
-7.64702e-08
-8.6116e-06
-7.64702e-08
4.94784e-07
-2.80906
2.80892
-18.1711
2.80892
-2.80892
18.1711
-18.1711
18.1711
-117.55
2.80892
-2.80892
18.1711
-2.80892
2.80892
-18.1711
18.1711
-18.1711
117.55
0.00011242
1.331e-06
-8.6116e-06
1.331e-06
1.18129e-08
-7.64702e-08
-8.6116e-06
-7.64702e-08
4.94784e-07
-2.80906
2.80892
-18.1711
2.80892
-2.80892
18.1711
-18.1711
18.1711
-117.55
1.42109e-14
1.56055e-14
0
-105.421
-6.24219e-14
-0
0
-0
105.421
0
0
0
0
0
0
0
0
0
-1.42109e-14
-1.56055e-14
-0
105.421
6.24219e-14
0
-0
0
-105.421
1.42109e-14
1.56055e-14
0
-105.421
-6.24219e-14
-0
0
-0
105.421
0
0
0
0
0
0
0
0
0
-1.42109e-14
-1.56055e-14
-0
105.421
6.24219e-14
0
-0
0
-105.421
1.42109e-14
1.56055e-14
0
-105.421
-6.24219e-14
-0
0
-0
105.421
0
0
0
0
0
0
0
0
0
-1.42109e-14
-1.56055e-14
-0
105.421
6.24219e-14
0
-0
0
-105.421
3.03293
-3.03293
-18.8362
-3.03293
3.03293
18.8362
-18.8362
18.8362
116.984
0.000107762
1.38345e-06
8.59192e-06
1.38345e-06
1.33218e-08
8.27331e-08
8.59192e-06
8.27331e-08
5.13818e-07
-3.03284
3.03293
18.8362
3.03293
-3.03293
-18.8362
18.8362
-18.8362
-116.984
3.03293
-3.03293
-18.8362
-3.03293
3.03293
18.8362
-18.8362
18.8362
116.984
0.000107762
1.38345e-06
8.59192e-06
1.38345e-06
1.33218e-08
8.27331e-08
8.59192e-06
8.27331e-08
5.13818e-07
-3.03284
3.03293
18.8362
3.03293
-3.03293
-18.8362
18.8362
-18.8362
-116.984
3.03293
-3.03293
-18.8362
-3.03293
3.03293
18.8362
-18.8362
18.8362
116.984
0.000107762
1.38345e-06
8.59192e-06
1.38345e-06
1.33218e-08
8.27331e-08
8.59192e-06
8.27331e-08
5.13818e-07
-3.03284
3.03293
18.8362
3.03293
-3.03293
-18.8362
18.8362
-18.8362
-116.984
-1.42109e-14
1.54887e-14
0
-104.632
-6.19549e-14
-0
0
-0
104.632
0
0
0
0
0
0
0
0
0
1.42109e-14
-1.54887e-14
-0
104.632
6.19549e-14
0
-0
0
-104.632
-1.42109e-14
1.54887e-14
0
-104.632
-6.19549e-14
-0
0
-0
104.632
0
0
0
0
0
0
0
0
0
1.42109e-14
-1.54887e-14
-0
104.632
6.19549e-14
0
-0
0
-104.632
-1.42109e-14
1.54887e-14
0
-104.632
-6.19549e-14
-0
0
-0
104.632
0
0
0
0
0
0
0
0
0
1.42109e-14
-1.54887e-14
-0
104.632
6.19549e-14
0
-0
0
-104.632
-1.42109e-14
1.54887e-14
0
-104.632
-6.19549e-14
-0
0
-0
104.632
0
0
0
0
0
0
0
0
0
1.42109e-14
-1.54887e-14
-0
104.632
6.19549e-14
0
-0
0
-104.632
-1.42109e-14
1.54887e-14
0
-104.632
-6.19549e-14
-0
0
-0
104.632
0
0
0
0
0
0
0
0
0
1.42109e-14
-1.54887e-14
-0
104.632
6.19549e-14
0
-0
0
-104.632
-1.42109e-14
1.54887e-14
0
-104.632
-6.19549e-14
-0
0
-0
104.632
0
0
0
0
0
0
0
0
0
1.42109e-14
-1.54887e-14
-0
104.632
6.19549e-14
0
-0
0
-104.632
3.03293
-3.03293
-18.8362
-3.03293
3.03293
18.8362
-18.8362
18.8362
116.984
0.000107762
1.38345e-06
8.59192e-06
1.38345e-06
1.33218e-08
8.27331e-08
8.59192e-06
8.27331e-08
5.13818e-07
-3.03284
3.03293
18.8362
3.03293
-3.03293
-18.8362
18.8362
-18.8362
-116.984
3.03293
-3.03293
-18.8362
-3.03293
3.03293
18.8362
-18.8362
18.8362
116.984
0.000107762
1.38345e-06
8.59192e-06
1.38345e-06
1.33218e-08
8.27331e-08
8.59192e-06
8.27331e-08
5.13818e-07
-3.03284
3.03293
18.8362
3.03293
-3.03293
-18.8362
18.8362
-18.8362
-116.984
3.03293
-3.03293
-18.8362
-3.03293
3.03293
18.8362
-18.8362
18.8362
116.984
0.000107762
1.38345e-06
8.59192e-06
1.38345e-06
1.33218e-08
8.27331e-08
8.59192e-06
8.27331e-08
5.13818e-07
-3.03284
3.03293
18.8362
3.03293
-3.03293
-18.8362
18.8362
-18.8362
-116.984
3.03293
-3.03293
-18.8362
-3.03293
3.03293
18.8362
-18.8362
18.8362
116.984
0.000107762
1.38345e-06
8.59192e-06
1.38345e-06
1.33218e-08
8.27331e-08
8.59192e-06
8.27331e-08
5.13818e-07
-3.03284
3.03293
18.8362
3.03293
-3.03293
-18.8362
18.8362
-18.8362
-116.984
3.03293
-3.03293
-18.8362
-3.03293
3.03293
18.8362
-18.8362
18.8362
116.984
0.000107762
1.38345e-06
8.59192e-06
1.38345e-06
1.33218e-08
8.27331e-08
8.59192e-06
8.27331e-08
5.13818e-07
-3.03284
3.03293
18.8362
3.03293
-3.03293
-18.8362
18.8362
-18.8362
-116.984
3.03293
-3.03293
-18.8362
-3.03293
3.03293
18.8362
-18.8362
18.8362
116.984
0.000107762
1.38345e-06
8.59192e-06
1.38345e-06
1.33218e-08
8.27331e-08
8.59192e-06
8.27331e-08
5.13818e-07
-3.03284
3.03293
18.8362
3.03293
-3.03293
-18.8362
18.8362
-18.8362
-116.984
-1.42109e-14
1.54887e-14
0
-104.632
-6.19549e-14
-0
0
-0
104.632
0
0
0
0
0
0
0
0
0
1.42109e-14
-1.54887e-14
-0
104.632
6.19549e-14
0
-0
0
-104.632
-1.42109e-14
1.54887e-14
0
-104.632
-6.19549e-14
-0
0
-0
104.632
0
0
0
0
0
0
0
0
0
1.42109e-14
-1.54887e-14
-0
104.632
6.19549e-14
0
-0
0
-104.632
-1.42109e-14
1.54887e-14
0
-104.632
-6.19549e-14
-0
0
-0
104.632
0
0
0
0
0
0
0
0
0
1.42109e-14
-1.54887e-14
-0
104.632
6.19549e-14
0
-0
0
-104.632
2.80892
-2.80892
18.1711
-2.80892
2.80892
-18.1711
18.1711
-18.1711
117.55
0.00011242
1.331e-06
-8.6116e-06
1.331e-06
1.18129e-08
-7.64702e-08
-8.6116e-06
-7.64702e-08
4.94784e-07
-2.80906
2.80892
-18.1711
2.80892
-2.80892
18.1711
-18.1711
18.1711
-117.55
2.80892
-2.80892
18.1711
-2.80892
2.80892
-18.1711
18.1711
-18.1711
117.55
0.00011242
1.331e-06
-8.6116e-06
1.331e-06
1.18129e-08
-7.64702e-08
-8.6116e-06
-7.64702e-08
4.94784e-07
-2.80906
2.80892
-18.1711
2.80892
-2.80892
18.1711
-18.1711
18.1711
-117.55
2.80892
-2.80892
18.1711
-2.80892
2.80892
-18.1711
18.1711
-18.1711
117.55
0.00011242
1.331e-06
-8.6116e-06
1.331e-06
1.18129e-08
-7.64702e-08
-8.6116e-06
-7.64702e-08
4.94784e-07
-2.80906
2.80892
-18.1711
2.80892
-2.80892
18.1711
-18.1711
18.1711
-117.55
2.80892
-2.80892
18.1711
-2.80892
2.80892
-18.1711
18.1711
-18.1711
117.55
0.00011242
1.331e-06
-8.6116e-06
1.331e-06
1.18129e-08
-7.64702e-08
-8.6116e-06
-7.64702e-08
4.94784e-07
-2.80906
2.80892
-18.1711
2.80892
-2.80892
18.1711
-18.1711
18.1711
-117.55
2.80892
-2.80892
18.1711
-2.80892
2.80892
-18.1711
18.1711
-18.1711
117.55
0.00011242
1.331e-06
-8.6116e-06
1.331e-06
1.18129e-08
-7.64702e-08
-8.6116e-06
-7.64702e-08
4.94784e-07
-2.80906
2.80892
-18.1711
2.80892
-2.80892
18.1711
-18.1711
18.1711
-117.55
2.80892
-2.80892
18.1711
-2.80892
2.80892
-18.1711
18.1711
-18.1711
117.55
0.00011242
1.331e-06
-8.6116e-06
1.331e-06
1.18129e-08
-7.64702e-08
-8.6116e-06
-7.64702e-08
4.94784e-07
-2.80906
2.80892
-18.1711
2.80892
-2.80892
18.1711
-18.1711
18.1711
-117.55
1.42109e-14
1.56055e-14
0
-105.421
-6.24219e-14
-0
0
-0
105.421
0
0
0
0
0
0
0
0
0
-1.42109e-14
-1.56055e-14
-0
105.421
6.24219e-14
0
-0
0
-105.421
1.42109e-14
1.56055e-14
0
-105.421
-6.24219e-14
-0
0
-0
105.421
0
0
0
0
0
0
0
0
0
-1.42109e-14
-1.56055e-14
-0
105.421
6.24219e-14
0
-0
0
-105.421
1.42109e-14
1.56055e-14
0
-105.421
-6.24219e-14
-0
0
-0
105.421
0
0
0
0
0
0
0
0
0
-1.42109e-14
-1.56055e-14
-0
105.421
6.24219e-14
0
-0
0
-105.421
-2.84217e-14
1.20276e-14
0
-81.2512
-7.21656e-14
-0
0
-0
81.2512
0
0
0
0
0
0
0
0
0
2.84217e-14
-1.20276e-14
-0
81.2512
7.21656e-14
0
-0
0
-81.2512
-2.84217e-14
1.20276e-14
0
-81.2512
-7.21656e-14
-0
0
-0
81.2512
0
0
0
0
0
0
0
0
0
2.84217e-14
-1.20276e-14
-0
81.2512
7.21656e-14
0
-0
0
-81.2512
-2.84217e-14
1.20276e-14
0
-81.2512
-7.21656e-14
-0
0
-0
81.2512
0
0
0
0
0
0
0
0
0
2.84217e-14
-1.20276e-14
-0
81.2512
7.21656e-14
0
-0
0
-81.2512
6.44708
-6.44708
24.1519
-6.44708
6.44708
-24.1519
24.1519
-24.1519
90.4771
1.87927e-05
6.51984e-07
-2.44241e-06
6.51984e-07
1.69739e-08
-6.35888e-08
-2.44241e-06
-6.35888e-08
2.38208e-07
-6.4471
6.44708
-24.1519
6.44708
-6.44708
24.1519
-24.1519
24.1519
-90.4771
6.44708
-6.44708
24.1519
-6.44708
6.44708
-24.1519
24.1519
-24.1519
90.4771
1.87927e-05
6.51984e-07
-2.44241e-06
6.51984e-07
1.69739e-08
-6.35888e-08
-2.44241e-06
-6.35888e-08
2.38208e-07
-6.4471
6.44708
-24.1519
6.44708
-6.44708
24.1519
-24.1519
24.1519
-90.4771
6.44708
-6.44708
24.1519
-6.44708
6.44708
-24.1519
24.1519
-24.1519
90.4771
1.87927e-05
6.51984e-07
-2.44241e-06
6.51984e-07
1.69739e-08
-6.35888e-08
-2.44241e-06
-6.35888e-08
2.38208e-07
-6.4471
6.44708
-24.1519
6.44708
-6.44708
24.1519
-24.1519
24.1519
-90.4771
-2.84217e-14
1.20276e-14
0
-81.2512
-7.21656e-14
-0
0
-0
81.2512
0
0
0
0
0
0
0
0
0
2.84217e-14
-1.20276e-14
-0
81.2512
7.21656e-14
0
-0
0
-81.2512
-2.84217e-14
1.20276e-14
0
-81.2512
-7.21656e-14
-0
0
-0
81.2512
0
0
0
0
0
0
0
0
0
2.84217e-14
-1.20276e-14
-0
81.2512
7.21656e-14
0
-0
0
-81.2512
-2.84217e-14
1.20276e-14
0
-81.2512
-7.21656e-14
-0
0
-0
81.2512
0
0
0
0
0
0
0
0
0
2.84217e-14
-1.20276e-14
-0
81.2512
7.21656e-14
0
-0
0
-81.2512
1.42109e-14
1.56055e-14
0
-105.421
-6.24219e-14
-0
0
-0
105.421
0
0
0
0
0
0
0
0
0
-1.42109e-14
-1.56055e-14
-0
105.421
6.24219e-14
0
-0
0
-105.421
1.42109e-14
1.56055e-14
0
-105.421
-6.24219e-14
-0
0
-0
105.421
0
0
0
0
0
0
0
0
0
-1.42109e-14
-1.56055e-14
-0
105.421
6.24219e-14
0
-0
0
-105.421
1.42109e-14
1.56055e-14
0
-105.421
-6.24219e-14
-0
0
-0
105.421
0
0
0
0
0
0
0
0
0
-1.42109e-14
-1.56055e-14
-0
105.421
6.24219e-14
0
-0
0
-105.421
6.44708
-6.44708
24.1519
-6.44708
6.44708
-24.1519
24.1519
-24.1519
90.4771
1.87927e-05
6.51984e-07
-2.44241e-06
6.51984e-07
1.69739e-08
-6.35888e-08
-2.44241e-06
-6.35888e-08
2.38208e-07
-6.4471
6.44708
-24.1519
6.44708
-6.44708
24.1519
-24.1519
24.1519
-90.4771
6.44708
-6.44708
24.1519
-6.44708
6.44708
-24.1519
24.1519
-24.1519
90.4771
1.87927e-05
6.51984e-07
-2.44241e-06
6.51984e-07
1.69739e-08
-6.35888e-08
-2.44241e-06
-6.35888e-08
2.38208e-07
-6.4471
6.44708
-24.1519
6.44708
-6.44708
24.1519
-24.1519
24.1519
-90.4771
6.44708
-6.44708
24.1519
-6.44708
6.44708
-24.1519
24.1519
-24.1519
90.4771
1.87927e-05
6.51984e-07
-2.44241e-06
6.51984e-07
1.69739e-08
-6.35888e-08
-2.44241e-06
-6.35888e-08
2.38208e-07
-6.4471
6.44708
-24.1519
6.44708
-6.44708
24.1519
-24.1519
24.1519
-90.4771
-2.84217e-14
1.20276e-14
0
-81.2512
-7.21656e-14
-0
0
-0
81.2512
0
0
0
0
0
0
0
0
0
2.84217e-14
-1.20276e-14
-0
81.2512
7.21656e-14
0
-0
0
-81.2512
-2.84217e-14
1.20276e-14
0
-81.2512
-7.21656e-14
-0
0
-0
81.2512
0
0
0
0
0
0
0
0
0
2.84217e-14
-1.20276e-14
-0
81.2512
7.21656e-14
0
-0
0
-81.2512
-2.84217e-14
1.20276e-14
0
-81.2512
-7.21656e-14
-0
0
-0
81.2512
0
0
0
0
0
0
0
0
0
2.84217e-14
-1.20276e-14
-0
81.2512
7.21656e-14
0
-0
0
-81.2512
6.44708
-6.44708
24.1519
-6.44708
6.44708
-24.1519
24.1519
-24.1519
90.4771
1.87927e-05
6.51984e-07
-2.44241e-06
6.51984e-07
1.69739e-08
-6.35888e-08
-2.44241e-06
-6.35888e-08
2.38208e-07
-6.4471
6.44708
-24.1519
6.44708
-6.44708
24.1519
-24.1519
24.1519
-90.4771
6.44708
-6.44708
24.1519
-6.44708
6.44708
-24.1519
24.1519
-24.1519
90.4771
1.87927e-05
6.51984e-07
-2.44241e-06
6.51984e-07
1.69739e-08
-6.35888e-08
-2.44241e-06
-6.35888e-08
2.38208e-07
-6.4471
6.44708
-24.1519
6.44708
-6.44708
24.1519
-24.1519
24.1519
-90.4771
6.44708
-6.44708
24.1519
-6.44708
6.44708
-24.1519
24.1519
-24.1519
90.4771
1.87927e-05
6.51984e-07
-2.44241e-06
6.51984e-07
1.69739e-08
-6.35888e-08
-2.44241e-06
-6.35888e-08
2.38208e-07
-6.4471
6.44708
-24.1519
6.44708
-6.44708
24.1519
-24.1519
24.1519
-90.4771
2.84217e-14
1.77319e-14
0
-119.786
-3.54639e-14
-0
0
-0
119.786
0
0
0
0
0
0
0
0
0
-2.84217e-14
-1.77319e-14
-0
119.786
3.54639e-14
0
-0
0
-119.786
2.84217e-14
1.77319e-14
0
-119.786
-3.54639e-14
-0
0
-0
119.786
0
0
0
0
0
0
0
0
0
-2.84217e-14
-1.77319e-14
-0
119.786
3.54639e-14
0
-0
0
-119.786
2.84217e-14
1.77319e-14
0
-119.786
-3.54639e-14
-0
0
-0
119.786
0
0
0
0
0
0
0
0
0
-2.84217e-14
-1.77319e-14
-0
119.786
3.54639e-14
0
-0
0
-119.786
-2.84217e-14
1.20276e-14
0
-81.2512
-7.21656e-14
-0
0
-0
81.2512
0
0
0
0
0
0
0
0
0
2.84217e-14
-1.20276e-14
-0
81.2512
7.21656e-14
0
-0
0
-81.2512
-2.84217e-14
1.20276e-14
0
-81.2512
-7.21656e-14
-0
0
-0
81.2512
0
0
0
0
0
0
0
0
0
2.84217e-14
-1.20276e-14
-0
81.2512
7.21656e-14
0
-0
0
-81.2512
-2.84217e-14
1.20276e-14
0
-81.2512
-7.21656e-14
-0
0
-0
81.2512
0
0
0
0
0
0
0
0
0
2.84217e-14
-1.20276e-14
-0
81.2512
7.21656e-14
0
-0
0
-81.2512
14.2283
-14.2283
-34.032
-14.2283
14.2283
34.032
-34.032
34.032
81.3996
9.05812e-07
7.41962e-08
1.77461e-07
7.41962e-08
4.5721e-09
1.0938e-08
1.77461e-07
1.0938e-08
2.61608e-08
-14.2283
14.2283
34.032
14.2283
-14.2283
-34.032
34.032
-34.032
-81.3996
14.2283
-14.2283
-34.032
-14.2283
14.2283
34.032
-34.032
34.032
81.3996
9.05812e-07
7.41962e-08
1.77461e-07
7.41962e-08
4.5721e-09
1.0938e-08
1.77461e-07
1.0938e-08
2.61608e-08
-14.2283
14.2283
34.032
14.2283
-14.2283
-34.032
34.032
-34.032
-81.3996
14.2283
-14.2283
-34.032
-14.2283
14.2283
34.032
-34.032
34.032
81.3996
9.05812e-07
7.41962e-08
1.77461e-07
7.41962e-08
4.5721e-09
1.0938e-08
1.77461e-07
1.0938e-08
2.61608e-08
-14.2283
14.2283
34.032
14.2283
-14.2283
-34.032
34.032
-34.032
-81.3996
2.84217e-14
1.77319e-14
0
-119.786
-3.54639e-14
-0
0
-0
119.786
0
0
0
0
0
0
0
0
0
-2.84217e-14
-1.77319e-14
-0
119.786
3.54639e-14
0
-0
0
-119.786
2.84217e-14
1.77319e-14
0
-119.786
-3.54639e-14
-0
0
-0
119.786
0
0
0
0
0
0
0
0
0
-2.84217e-14
-1.77319e-14
-0
119.786
3.54639e-14
0
-0
0
-119.786
2.84217e-14
1.77319e-14
0
-119.786
-3.54639e-14
-0
0
-0
119.786
0
0
0
0
0
0
0
0
0
-2.84217e-14
-1.77319e-14
-0
119.786
3.54639e-14
0
-0
0
-119.786
2.84217e-14
1.77319e-14
0
-119.786
-3.54639e-14
-0
0
-0
119.786
0
0
0
0
0
0
0
0
0
-2.84217e-14
-1.77319e-14
-0
119.786
3.54639e-14
0
-0
0
-119.786
2.84217e-14
1.77319e-14
0
-119.786
-3.54639e-14
-0
0
-0
119.786
0
0
0
0
0
0
0
0
0
-2.84217e-14
-1.77319e-14
-0
119.786
3.54639e-14
0
-0
0
-119.786
2.84217e-14
1.77319e-14
0
-119.786
-3.54639e-14
-0
0
-0
119.786
0
0
0
0
0
0
0
0
0
-2.84217e-14
-1.77319e-14
-0
119.786
3.54639e-14
0
-0
0
-119.786
14.2283
-14.2283
-34.032
-14.2283
14.2283
34.032
-34.032
34.032
81.3996
9.05812e-07
7.41962e-08
1.77461e-07
7.41962e-08
4.5721e-09
1.0938e-08
1.77461e-07
1.0938e-08
2.61608e-08
-14.2283
14.2283
34.032
14.2283
-14.2283
-34.032
34.032
-34.032
-81.3996
14.2283
-14.2283
-34.032
-14.2283
14.2283
34.032
-34.032
34.032
81.3996
9.05812e-07
7.41962e-08
1.77461e-07
7.41962e-08
4.5721e-09
1.0938e-08
1.77461e-07
1.0938e-08
2.61608e-08
-14.2283
14.2283
34.032
14.2283
-14.2283
-34.032
34.032
-34.032
-81.3996
14.2283
-14.2283
-34.032
-14.2283
14.2283
34.032
-34.032
34.032
81.3996
9.05812e-07
7.41962e-08
1.77461e-07
7.41962e-08
4.5721e-09
1.0938e-08
1.77461e-07
1.0938e-08
2.61608e-08
-14.2283
14.2283
34.032
14.2283
-14.2283
-34.032
34.032
-34.032
-81.3996
-2.84217e-14
1.20276e-14
0
-81.2512
-7.21656e-14
-0
0
-0
81.2512
0
0
0
0
0
0
0
0
0
2.84217e-14
-1.20276e-14
-0
81.2512
7.21656e-14
0
-0
0
-81.2512
-2.84217e-14
1.20276e-14
0
-81.2512
-7.21656e-14
-0
0
-0
81.2512
0
0
0
0
0
0
0
0
0
2.84217e-14
-1.20276e-14
-0
81.2512
7.21656e-14
0
-0
0
-81.2512
-2.84217e-14
1.20276e-14
0
-81.2512
-7.21656e-14
-0
0
-0
81.2512
0
0
0
0
0
0
0
0
0
2.84217e-14
-1.20276e-14
-0
81.2512
7.21656e-14
0
-0
0
-81.2512
14.2283
-14.2283
-34.032
-14.2283
14.2283
34.032
-34.032
34.032
81.3996
9.05812e-07
7.41962e-08
1.77461e-07
7.41962e-08
4.5721e-09
1.0938e-08
1.77461e-07
1.0938e-08
2.61608e-08
-14.2283
14.2283
34.032
14.2283
-14.2283
-34.032
34.032
-34.032
-81.3996
14.2283
-14.2283
-34.032
-14.2283
14.2283
34.032
-34.032
34.032
81.3996
9.05812e-07
7.41962e-08
1.77461e-07
7.41962e-08
4.5721e-09
1.0938e-08
1.77461e-07
1.0938e-08
2.61608e-08
-14.2283
14.2283
34.032
14.2283
-14.2283
-34.032
34.032
-34.032
-81.3996
14.2283
-14.2283
-34.032
-14.2283
14.2283
34.032
-34.032
34.032
81.3996
9.05812e-07
7.41962e-08
1.77461e-07
7.41962e-08
4.5721e-09
1.0938e-08
1.77461e-07
1.0938e-08
2.61608e-08
-14.2283
14.2283
34.032
14.2283
-14.2283
-34.032
34.032
-34.032
-81.3996
2.84217e-14
1.77319e-14
0
-119.786
-3.54639e-14
-0
0
-0
119.786
0
0
0
0
0
0
0
0
0
-2.84217e-14
-1.77319e-14
-0
119.786
3.54639e-14
0
-0
0
-119.786
2.84217e-14
1.77319e-14
0
-119.786
-3.54639e-14
-0
0
-0
119.786
0
0
0
0
0
0
0
0
0
-2.84217e-14
-1.77319e-14
-0
119.786
3.54639e-14
0
-0
0
-119.786
2.84217e-14
1.77319e-14
0
-119.786
-3.54639e-14
-0
0
-0
119.786
0
0
0
0
0
0
0
0
0
-2.84217e-14
-1.77319e-14
-0
119.786
3.54639e-14
0
-0
0
-119.786
2.11334
-2.11334
14.8467
-2.11334
2.11334
-14.8467
14.8467
-14.8467
104.301
-0.000352161
-3.54061e-06
2.48746e-05
-3.54061e-06
-2.66968e-08
1.87573e-07
2.48746e-05
1.87573e-07
-1.31781e-06
-2.11302
2.11334
-14.8467
2.11334
-2.11334
14.8467
-14.8467
14.8467
-104.301
2.11334
-2.11334
14.8467
-2.11334
2.11334
-14.8467
14.8467
-14.8467
104.301
-0.000352161
-3.54061e-06
2.48746e-05
-3.54061e-06
-2.66968e-08
1.87573e-07
2.48746e-05
1.87573e-07
-1.31781e-06
-2.11302
2.11334
-14.8467
2.11334
-2.11334
14.8467
-14.8467
14.8467
-104.301
2.11334
-2.11334
14.8467
-2.11334
2.11334
-14.8467
14.8467
-14.8467
104.301
-0.000352161
-3.54061e-06
2.48746e-05
-3.54061e-06
-2.66968e-08
1.87573e-07
2.48746e-05
1.87573e-07
-1.31781e-06
-2.11302
2.11334
-14.8467
2.11334
-2.11334
14.8467
-14.8467
14.8467
-104.301
4.26326e-14
2.5965e-14
0
2.5965e-14
-6.24209e-15
0
0
0
102.64
1.0264e+10
-1.80159e-06
0
-1.80159e-06
-9.30391e-07
0
0
0
-51.32
-1.0264e+10
1.80159e-06
0
1.80159e-06
9.30391e-07
0
0
0
-51.32
4.26326e-14
2.5965e-14
0
2.5965e-14
-6.24209e-15
0
0
0
102.64
1.0264e+10
-1.80159e-06
0
-1.80159e-06
-9.30391e-07
0
0
0
-51.32
-1.0264e+10
1.80159e-06
0
1.80159e-06
9.30391e-07
0
0
0
-51.32
4.26326e-14
2.5965e-14
0
2.5965e-14
-6.24209e-15
0
0
0
102.64
1.0264e+10
-1.80159e-06
0
-1.80159e-06
-9.30391e-07
0
0
0
-51.32
-1.0264e+10
1.80159e-06
0
1.80159e-06
9.30391e-07
0
0
0
-51.32
4.26326e-14
2.5965e-14
0
2.5965e-14
-6.24209e-15
0
0
0
102.64
1.0264e+10
-1.80159e-06
0
-1.80159e-06
-9.30391e-07
0
0
0
-51.32
-1.0264e+10
1.80159e-06
0
1.80159e-06
9.30391e-07
0
0
0
-51.32
4.26326e-14
2.5965e-14
0
2.5965e-14
-6.24209e-15
0
0
0
102.64
1.0264e+10
-1.80159e-06
0
-1.80159e-06
-9.30391e-07
0
0
0
-51.32
-1.0264e+10
1.80159e-06
0
1.80159e-06
9.30391e-07
0
0
0
-51.32
4.26326e-14
2.5965e-14
0
2.5965e-14
-6.24209e-15
0
0
0
102.64
1.0264e+10
-1.80159e-06
0
-1.80159e-06
-9.30391e-07
0
0
0
-51.32
-1.0264e+10
1.80159e-06
0
1.80159e-06
9.30391e-07
0
0
0
-51.32
2.84217e-14
1.77319e-14
0
-119.786
-3.54639e-14
-0
0
-0
119.786
0
0
0
0
0
0
0
0
0
-2.84217e-14
-1.77319e-14
-0
119.786
3.54639e-14
0
-0
0
-119.786
2.84217e-14
1.77319e-14
0
-119.786
-3.54639e-14
-0
0
-0
119.786
0
0
0
0
0
0
0
0
0
-2.84217e-14
-1.77319e-14
-0
119.786
3.54639e-14
0
-0
0
-119.786
2.84217e-14
1.77319e-14
0
-119.786
-3.54639e-14
-0
0
-0
119.786
0
0
0
0
0
0
0
0
0
-2.84217e-14
-1.77319e-14
-0
119.786
3.54639e-14
0
-0
0
-119.786
2.11334
-2.11334
14.8467
-2.11334
2.11334
-14.8467
14.8467
-14.8467
104.301
-0.000352161
-3.54061e-06
2.48746e-05
-3.54061e-06
-2.66968e-08
1.87573e-07
2.48746e-05
1.87573e-07
-1.31781e-06
-2.11302
2.11334
-14.8467
2.11334
-2.11334
14.8467
-14.8467
14.8467
-104.301
2.11334
-2.11334
14.8467
-2.11334
2.11334
-14.8467
14.8467
-14.8467
104.301
-0.000352161
-3.54061e-06
2.48746e-05
-3.54061e-06
-2.66968e-08
1.87573e-07
2.48746e-05
1.87573e-07
-1.31781e-06
-2.11302
2.11334
-14.8467
2.11334
-2.11334
14.8467
-14.8467
14.8467
-104.301
2.11334
-2.11334
14.8467
-2.11334
2.11334
-14.8467
14.8467
-14.8467
104.301
-0.000352161
-3.54061e-06
2.48746e-05
-3.54061e-06
-2.66968e-08
1.87573e-07
2.48746e-05
1.87573e-07
-1.31781e-06
-2.11302
2.11334
-14.8467
2.11334
-2.11334
14.8467
-14.8467
14.8467
-104.301
2.11334
-2.11334
14.8467
-2.11334
2.11334
-14.8467
14.8467
-14.8467
104.301
-0.000352161
-3.54061e-06
2.48746e-05
-3.54061e-06
-2.66968e-08
1.87573e-07
2.48746e-05
1.87573e-07
-1.31781e-06
-2.11302
2.11334
-14.8467
2.11334
-2.11334
14.8467
-14.8467
14.8467
-104.301
2.11334
-2.11334
14.8467
-2.11334
2.11334
-14.8467
14.8467
-14.8467
104.301
-0.000352161
-3.54061e-06
2.48746e-05
-3.54061e-06
-2.66968e-08
1.87573e-07
2.48746e-05
1.87573e-07
-1.31781e-06
-2.11302
2.11334
-14.8467
2.11334
-2.11334
14.8467
-14.8467
14.8467
-104.301
2.11334
-2.11334
14.8467
-2.11334
2.11334
-14.8467
14.8467
-14.8467
104.301
-0.000352161
-3.54061e-06
2.48746e-05
-3.54061e-06
-2.66968e-08
1.87573e-07
2.48746e-05
1.87573e-07
-1.31781e-06
-2.11302
2.11334
-14.8467
2.11334
-2.11334
14.8467
-14.8467
14.8467
-104.301
4.26326e-14
2.5965e-14
0
2.5965e-14
-6.24209e-15
0
0
0
102.64
1.0264e+10
-1.80159e-06
0
-1.80159e-06
-9.30391e-07
0
0
0
-51.32
-1.0264e+10
1.80159e-06
0
1.80159e-06
9.30391e-07
0
0
0
-51.32
4.26326e-14
2.5965e-14
0
2.5965e-14
-6.24209e-15
0
0
0
102.64
1.0264e+10
-1.80159e-06
0
-1.80159e-06
-9.30391e-07
0
0
0
-51.32
-1.0264e+10
1.80159e-06
0
1.80159e-06
9.30391e-07
0
0
0
-51.32
4.26326e-14
2.5965e-14
0
2.5965e-14
-6.24209e-15
0
0
0
102.64
1.0264e+10
-1.80159e-06
0
-1.80159e-06
-9.30391e-07
0
0
0
-51.32
-1.0264e+10
1.80159e-06
0
1.80159e-06
9.30391e-07
0
0
0
-51.32
31.6941
-31.6941
61.6316
-31.6941
31.6941
-61.6316
61.6316
-61.6316
119.848
-1.53319e-06
-1.83864e-07
3.57549e-07
-1.83864e-07
-1.66557e-08
3.23895e-08
3.57549e-07
3.23895e-08
-6.29868e-08
-31.6941
31.6941
-61.6316
31.6941
-31.6941
61.6316
-61.6316
61.6316
-119.848
31.6941
-31.6941
61.6316
-31.6941
31.6941
-61.6316
61.6316
-61.6316
119.848
-1.53319e-06
-1.83864e-07
3.57549e-07
-1.83864e-07
-1.66557e-08
3.23895e-08
3.57549e-07
3.23895e-08
-6.29868e-08
-31.6941
31.6941
-61.6316
31.6941
-31.6941
61.6316
-61.6316
61.6316
-119.848
31.6941
-31.6941
61.6316
-31.6941
31.6941
-61.6316
61.6316
-61.6316
119.848
-1.53319e-06
-1.83864e-07
3.57549e-07
-1.83864e-07
-1.66557e-08
3.23895e-08
3.57549e-07
3.23895e-08
-6.29868e-08
-31.6941
31.6941
-61.6316
31.6941
-31.6941
61.6316
-61.6316
61.6316
-119.848
37.4
-37.4
-60.4586
-37.4
37.4
60.4586
-60.4586
60.4586
97.7338
4.14047e-07
6.88457e-08
1.11295e-07
6.88457e-08
8.70777e-09
1.40773e-08
1.11295e-07
1.40773e-08
2.27572e-08
-37.4
37.4
60.4586
37.4
-37.4
-60.4586
60.4586
-60.4586
-97.7338
37.4
-37.4
-60.4586
-37.4
37.4
60.4586
-60.4586
60.4586
97.7338
4.14047e-07
6.88457e-08
1.11295e-07
6.88457e-08
8.70777e-09
1.40773e-08
1.11295e-07
1.40773e-08
2.27572e-08
-37.4
37.4
60.4586
37.4
-37.4
-60.4586
60.4586
-60.4586
-97.7338
37.4
-37.4
-60.4586
-37.4
37.4
60.4586
-60.4586
60.4586
97.7338
4.14047e-07
6.88457e-08
1.11295e-07
6.88457e-08
8.70777e-09
1.40773e-08
1.11295e-07
1.40773e-08
2.27572e-08
-37.4
37.4
60.4586
37.4
-37.4
-60.4586
60.4586
-60.4586
-97.7338
1.42109e-14
1.64022e-14
0
-110.804
-6.5609e-14
-0
0
-0
110.804
0
0
0
0
0
0
0
0
0
-1.42109e-14
-1.64022e-14
-0
110.804
6.5609e-14
0
-0
0
-110.804
1.42109e-14
1.64022e-14
0
-110.804
-6.5609e-14
-0
0
-0
110.804
0
0
0
0
0
0
0
0
0
-1.42109e-14
-1.64022e-14
-0
110.804
6.5609e-14
0
-0
0
-110.804
1.42109e-14
1.64022e-14
0
-110.804
-6.5609e-14
-0
0
-0
110.804
0
0
0
0
0
0
0
0
0
-1.42109e-14
-1.64022e-14
-0
110.804
6.5609e-14
0
-0
0
-110.804
4.26326e-14
2.5965e-14
0
2.5965e-14
-6.24209e-15
0
0
0
102.64
1.0264e+10
-1.80159e-06
0
-1.80159e-06
-9.30391e-07
0
0
0
-51.32
-1.0264e+10
1.80159e-06
0
1.80159e-06
9.30391e-07
0
0
0
-51.32
4.26326e-14
2.5965e-14
0
2.5965e-14
-6.24209e-15
0
0
0
102.64
1.0264e+10
-1.80159e-06
0
-1.80159e-06
-9.30391e-07
0
0
0
-51.32
-1.0264e+10
1.80159e-06
0
1.80159e-06
9.30391e-07
0
0
0
-51.32
4.26326e-14
2.5965e-14
0
2.5965e-14
-6.24209e-15
0
0
0
102.64
1.0264e+10
-1.80159e-06
0
-1.80159e-06
-9.30391e-07
0
0
0
-51.32
-1.0264e+10
1.80159e-06
0
1.80159e-06
9.30391e-07
0
0
0
-51.32
1.42109e-14
1.64022e-14
0
-110.804
-6.5609e-14
-0
0
-0
110.804
0
0
0
0
0
0
0
0
0
-1.42109e-14
-1.64022e-14
-0
110.804
6.5609e-14
0
-0
0
-110.804
1.42109e-14
1.64022e-14
0
-110.804
-6.5609e-14
-0
0
-0
110.804
0
0
0
0
0
0
0
0
0
-1.42109e-14
-1.64022e-14
-0
110.804
6.5609e-14
0
-0
0
-110.804
1.42109e-14
1.64022e-14
0
-110.804
-6.5609e-14
-0
0
-0
110.804
0
0
0
0
0
0
0
0
0
-1.42109e-14
-1.64022e-14
-0
110.804
6.5609e-14
0
-0
0
-110.804
31.6941
-31.6941
61.6316
-31.6941
31.6941
-61.6316
61.6316
-61.6316
119.848
-1.53319e-06
-1.83864e-07
3.57549e-07
-1.83864e-07
-1.66557e-08
3.23895e-08
3.57549e-07
3.23895e-08
-6.29868e-08
-31.6941
31.6941
-61.6316
31.6941
-31.6941
61.6316
-61.6316
61.6316
-119.848
31.6941
-31.6941
61.6316
-31.6941
31.6941
-61.6316
61.6316
-61.6316
119.848
-1.53319e-06
-1.83864e-07
3.57549e-07
-1.83864e-07
-1.66557e-08
3.23895e-08
3.57549e-07
3.23895e-08
-6.29868e-08
-31.6941
31.6941
-61.6316
31.6941
-31.6941
61.6316
-61.6316
61.6316
-119.848
31.6941
-31.6941
61.6316
-31.6941
31.6941
-61.6316
61.6316
-61.6316
119.848
-1.53319e-06
-1.83864e-07
3.57549e-07
-1.83864e-07
-1.66557e-08
3.23895e-08
3.57549e-07
3.23895e-08
-6.29868e-08
-31.6941
31.6941
-61.6316
31.6941
-31.6941
61.6316
-61.6316
61.6316
-119.848
37.4
-37.4
-60.4586
-37.4
37.4
60.4586
-60.4586
60.4586
97.7338
4.14047e-07
6.88457e-08
1.11295e-07
6.88457e-08
8.70777e-09
1.40773e-08
1.11295e-07
1.40773e-08
2.27572e-08
-37.4
37.4
60.4586
37.4
-37.4
-60.4586
60.4586
-60.4586
-97.7338
37.4
-37.4
-60.4586
-37.4
37.4
60.4586
-60.4586
60.4586
97.7338
4.14047e-07
6.88457e-08
1.11295e-07
6.88457e-08
8.70777e-09
1.40773e-08
1.11295e-07
1.40773e-08
2.27572e-08
-37.4
37.4
60.4586
37.4
-37.4
-60.4586
60.4586
-60.4586
-97.7338
37.4
-37.4
-60.4586
-37.4
37.4
60.4586
-60.4586
60.4586
97.7338
4.14047e-07
6.88457e-08
1.11295e-07
6.88457e-08
8.70777e-09
1.40773e-08
1.11295e-07
1.40773e-08
2.27572e-08
-37.4
37.4
60.4586
37.4
-37.4
-60.4586
60.4586
-60.4586
-97.7338
37.4
-37.4
-60.4586
-37.4
37.4
60.4586
-60.4586
60.4586
97.7338
4.14047e-07
6.88457e-08
1.11295e-07
6.88457e-08
8.70777e-09
1.40773e-08
1.11295e-07
1.40773e-08
2.27572e-08
-37.4
37.4
60.4586
37.4
-37.4
-60.4586
60.4586
-60.4586
-97.7338
37.4
-37.4
-60.4586
-37.4
37.4
60.4586
-60.4586
60.4586
97.7338
4.14047e-07
6.88457e-08
1.11295e-07
6.88457e-08
8.70777e-09
1.40773e-08
1.11295e-07
1.40773e-08
2.27572e-08
-37.4
37.4
60.4586
37.4
-37.4
-60.4586
60.4586
-60.4586
-97.7338
37.4
-37.4
-60.4586
-37.4
37.4
60.4586
-60.4586
60.4586
97.7338
4.14047e-07
6.88457e-08
1.11295e-07
6.88457e-08
8.70777e-09
1.40773e-08
1.11295e-07
1.40773e-08
2.27572e-08
-37.4
37.4
60.4586
37.4
-37.4
-60.4586
60.4586
-60.4586
-97.7338
4.26326e-14
2.5965e-14
0
2.5965e-14
-6.24209e-15
0
0
0
102.64
1.0264e+10
-1.80159e-06
0
-1.80159e-06
-9.30391e-07
0
0
0
-51.32
-1.0264e+10
1.80159e-06
0
1.80159e-06
9.30391e-07
0
0
0
-51.32
4.26326e-14
2.5965e-14
0
2.5965e-14
-6.24209e-15
0
0
0
102.64
1.0264e+10
-1.80159e-06
0
-1.80159e-06
-9.30391e-07
0
0
0
-51.32
-1.0264e+10
1.80159e-06
0
1.80159e-06
9.30391e-07
0
0
0
-51.32
4.26326e-14
2.5965e-14
0
2.5965e-14
-6.24209e-15
0
0
0
102.64
1.0264e+10
-1.80159e-06
0
-1.80159e-06
-9.30391e-07
0
0
0
-51.32
-1.0264e+10
1.80159e-06
0
1.80159e-06
9.30391e-07
0
0
0
-51.32
31.6941
-31.6941
61.6316
-31.6941
31.6941
-61.6316
61.6316
-61.6316
119.848
-1.53319e-06
-1.83864e-07
3.57549e-07
-1.83864e-07
-1.66557e-08
3.23895e-08
3.57549e-07
3.23895e-08
-6.29868e-08
-31.6941
31.6941
-61.6316
31.6941
-31.6941
61.6316
-61.6316
61.6316
-119.848
31.6941
-31.6941
61.6316
-31.6941
31.6941
-61.6316
61.6316
-61.6316
119.848
-1.53319e-06
-1.83864e-07
3.57549e-07
-1.83864e-07
-1.66557e-08
3.23895e-08
3.57549e-07
3.23895e-08
-6.29868e-08
-31.6941
31.6941
-61.6316
31.6941
-31.6941
61.6316
-61.6316
61.6316
-119.848
31.6941
-31.6941
61.6316
-31.6941
31.6941
-61.6316
61.6316
-61.6316
119.848
-1.53319e-06
-1.83864e-07
3.57549e-07
-1.83864e-07
-1.66557e-08
3.23895e-08
3.57549e-07
3.23895e-08
-6.29868e-08
-31.6941
31.6941
-61.6316
31.6941
-31.6941
61.6316
-61.6316
61.6316
-119.848
1.42109e-14
1.64022e-14
0
-110.804
-6.5609e-14
-0
0
-0
110.804
0
0
0
0
0
0
0
0
0
-1.42109e-14
-1.64022e-14
-0
110.804
6.5609e-14
0
-0
0
-110.804
1.42109e-14
1.64022e-14
0
-110.804
-6.5609e-14
-0
0
-0
110.804
0
0
0
0
0
0
0
0
0
-1.42109e-14
-1.64022e-14
-0
110.804
6.5609e-14
0
-0
0
-110.804
1.42109e-14
1.64022e-14
0
-110.804
-6.5609e-14
-0
0
-0
110.804
0
0
0
0
0
0
0
0
0
-1.42109e-14
-1.64022e-14
-0
110.804
6.5609e-14
0
-0
0
-110.804
1.42109e-14
1.64022e-14
0
-110.804
-6.5609e-14
-0
0
-0
110.804
0
0
0
0
0
0
0
0
0
-1.42109e-14
-1.64022e-14
-0
110.804
6.5609e-14
0
-0
0
-110.804
1.42109e-14
1.64022e-14
0
-110.804
-6.5609e-14
-0
0
-0
110.804
0
0
0
0
0
0
0
0
0
-1.42109e-14
-1.64022e-14
-0
110.804
6.5609e-14
0
-0
0
-110.804
1.42109e-14
1.64022e-14
0
-110.804
-6.5609e-14
-0
0
-0
110.804
0
0
0
0
0
0
0
0
0
-1.42109e-14
-1.64022e-14
-0
110.804
6.5609e-14
0
-0
0
-110.804
0
1.44864e-14
0
1.44864e-14
2.34603e-14
0
0
0
83.995
7.32515e+09
-2.17269e-06
0
-2.17269e-06
-2.08096e-06
0
0
0
-41.9975
-7.32515e+09
2.17269e-06
0
2.17269e-06
2.08096e-06
0
0
0
-41.9975
0
1.44864e-14
0
1.44864e-14
2.34603e-14
0
0
0
83.995
7.32515e+09
-2.17269e-06
0
-2.17269e-06
-2.08096e-06
0
0
0
-41.9975
-7.32515e+09
2.17269e-06
0
2.17269e-06
2.08096e-06
0
0
0
-41.9975
0
1.44864e-14
0
1.44864e-14
2.34603e-14
0
0
0
83.995
7.32515e+09
-2.17269e-06
0
-2.17269e-06
-2.08096e-06
0
0
0
-41.9975
-7.32515e+09
2.17269e-06
0
2.17269e-06
2.08096e-06
0
0
0
-41.9975
8.68755
-8.68755
28.6863
-8.68755
8.68755
-28.6863
28.6863
-28.6863
94.7221
-9.43006e-06
-4.17899e-07
1.37992e-06
-4.17899e-07
-1.39022e-08
4.5907e-08
1.37992e-06
4.5907e-08
-1.51588e-07
-8.68753
8.68755
-28.6863
8.68755
-8.68755
28.6863
-28.6863
28.6863
-94.7221
8.68755
-8.68755
28.6863
-8.68755
8.68755
-28.6863
28.6863
-28.6863
94.7221
-9.43006e-06
-4.17899e-07
1.37992e-06
-4.17899e-07
-1.39022e-08
4.5907e-08
1.37992e-06
4.5907e-08
-1.51588e-07
-8.68753
8.68755
-28.6863
8.68755
-8.68755
28.6863
-28.6863
28.6863
-94.7221
8.68755
-8.68755
28.6863
-8.68755
8.68755
-28.6863
28.6863
-28.6863
94.7221
-9.43006e-06
-4.17899e-07
1.37992e-06
-4.17899e-07
-1.39022e-08
4.5907e-08
1.37992e-06
4.5907e-08
-1.51588e-07
-8.68753
8.68755
-28.6863
8.68755
-8.68755
28.6863
-28.6863
28.6863
-94.7221
0
1.44864e-14
0
1.44864e-14
2.34603e-14
0
0
0
83.995
7.32515e+09
-2.17269e-06
0
-2.17269e-06
-2.08096e-06
0
0
0
-41.9975
-7.32515e+09
2.17269e-06
0
2.17269e-06
2.08096e-06
0
0
0
-41.9975
0
1.44864e-14
0
1.44864e-14
2.34603e-14
0
0
0
83.995
7.32515e+09
-2.17269e-06
0
-2.17269e-06
-2.08096e-06
0
0
0
-41.9975
-7.32515e+09
2.17269e-06
0
2.17269e-06
2.08096e-06
0
0
0
-41.9975
0
1.44864e-14
0
1.44864e-14
2.34603e-14
0
0
0
83.995
7.32515e+09
-2.17269e-06
0
-2.17269e-06
-2.08096e-06
0
0
0
-41.9975
-7.32515e+09
2.17269e-06
0
2.17269e-06
2.08096e-06
0
0
0
-41.9975
1.42109e-14
1.64022e-14
0
-110.804
-6.5609e-14
-0
0
-0
110.804
0
0
0
0
0
0
0
0
0
-1.42109e-14
-1.64022e-14
-0
110.804
6.5609e-14
0
-0
0
-110.804
1.42109e-14
1.64022e-14
0
-110.804
-6.5609e-14
-0
0
-0
110.804
0
0
0
0
0
0
0
0
0
-1.42109e-14
-1.64022e-14
-0
110.804
6.5609e-14
0
-0
0
-110.804
1.42109e-14
1.64022e-14
0
-110.804
-6.5609e-14
-0
0
-0
110.804
0
0
0
0
0
0
0
0
0
-1.42109e-14
-1.64022e-14
-0
110.804
6.5609e-14
0
-0
0
-110.804
8.68755
-8.68755
28.6863
-8.68755
8.68755
-28.6863
28.6863
-28.6863
94.7221
-9.43006e-06
-4.17899e-07
1.37992e-06
-4.17899e-07
-1.39022e-08
4.5907e-08
1.37992e-06
4.5907e-08
-1.51588e-07
-8.68753
8.68755
-28.6863
8.68755
-8.68755
28.6863
-28.6863
28.6863
-94.7221
8.68755
-8.68755
28.6863
-8.68755
8.68755
-28.6863
28.6863
-28.6863
94.7221
-9.43006e-06
-4.17899e-07
1.37992e-06
-4.17899e-07
-1.39022e-08
4.5907e-08
1.37992e-06
4.5907e-08
-1.51588e-07
-8.68753
8.68755
-28.6863
8.68755
-8.68755
28.6863
-28.6863
28.6863
-94.7221
8.68755
-8.68755
28.6863
-8.68755
8.68755
-28.6863
28.6863
-28.6863
94.7221
-9.43006e-06
-4.17899e-07
1.37992e-06
-4.17899e-07
-1.39022e-08
4.5907e-08
1.37992e-06
4.5907e-08
-1.51588e-07
-8.68753
8.68755
-28.6863
8.68755
-8.68755
28.6863
-28.6863
28.6863
-94.7221
0
1.44864e-14
0
1.44864e-14
2.34603e-14
0
0
0
83.995
7.32515e+09
-2.17269e-06
0
-2.17269e-06
-2.08096e-06
0
0
0
-41.9975
-7.32515e+09
2.17269e-06
0
2.17269e-06
2.08096e-06
0
0
0
-41.9975
0
1.44864e-14
0
1.44864e-14
2.34603e-14
0
0
0
83.995
7.32515e+09
-2.17269e-06
0
-2.17269e-06
-2.08096e-06
0
0
0
-41.9975
-7.32515e+09
2.17269e-06
0
2.17269e-06
2.08096e-06
0
0
0
-41.9975
0
1.44864e-14
0
1.44864e-14
2.34603e-14
0
0
0
83.995
7.32515e+09
-2.17269e-06
0
-2.17269e-06
-2.08096e-06
0
0
0
-41.9975
-7.32515e+09
2.17269e-06
0
2.17269e-06
2.08096e-06
0
0
0
-41.9975
8.68755
-8.68755
28.6863
-8.68755
8.68755
-28.6863
28.6863
-28.6863
94.7221
-9.43006e-06
-4.17899e-07
1.37992e-06
-4.17899e-07
-1.39022e-08
4.5907e-08
1.37992e-06
4.5907e-08
-1.51588e-07
-8.68753
8.68755
-28.6863
8.68755
-8.68755
28.6863
-28.6863
28.6863
-94.7221
8.68755
-8.68755
28.6863
-8.68755
8.68755
-28.6863
28.6863
-28.6863
94.7221
-9.43006e-06
-4.17899e-07
1.37992e-06
-4.17899e-07
-1.39022e-08
4.5907e-08
1.37992e-06
4.5907e-08
-1.51588e-07
-8.68753
8.68755
-28.6863
8.68755
-8.68755
28.6863
-28.6863
28.6863
-94.7221
8.68755
-8.68755
28.6863
-8.68755
8.68755
-28.6863
28.6863
-28.6863
94.7221
-9.43006e-06
-4.17899e-07
1.37992e-06
-4.17899e-07
-1.39022e-08
4.5907e-08
1.37992e-06
4.5907e-08
-1.51588e-07
-8.68753
8.68755
-28.6863
8.68755
-8.68755
28.6863
-28.6863
28.6863
-94.7221
-2.84217e-14
1.68284e-14
0
-113.682
-3.36568e-14
-0
0
-0
113.682
0
0
0
0
0
0
0
0
0
2.84217e-14
-1.68284e-14
-0
113.682
3.36568e-14
0
-0
0
-113.682
-2.84217e-14
1.68284e-14
0
-113.682
-3.36568e-14
-0
0
-0
113.682
0
0
0
0
0
0
0
0
0
2.84217e-14
-1.68284e-14
-0
113.682
3.36568e-14
0
-0
0
-113.682
-2.84217e-14
1.68284e-14
0
-113.682
-3.36568e-14
-0
0
-0
113.682
0
0
0
0
0
0
0
0
0
2.84217e-14
-1.68284e-14
-0
113.682
3.36568e-14
0
-0
0
-113.682
0
1.44864e-14
0
1.44864e-14
2.34603e-14
0
0
0
83.995
7.32515e+09
-2.17269e-06
0
-2.17269e-06
-2.08096e-06
0
0
0
-41.9975
-7.32515e+09
2.17269e-06
0
2.17269e-06
2.08096e-06
0
0
0
-41.9975
0
1.44864e-14
0
1.44864e-14
2.34603e-14
0
0
0
83.995
7.32515e+09
-2.17269e-06
0
-2.17269e-06
-2.08096e-06
0
0
0
-41.9975
-7.32515e+09
2.17269e-06
0
2.17269e-06
2.08096e-06
0
0
0
-41.9975
0
1.44864e-14
0
1.44864e-14
2.34603e-14
0
0
0
83.995
7.32515e+09
-2.17269e-06
0
-2.17269e-06
-2.08096e-06
0
0
0
-41.9975
-7.32515e+09
2.17269e-06
0
2.17269e-06
2.08096e-06
0
0
0
-41.9975
6.94116
-6.94116
-24.4753
-6.94116
6.94116
24.4753
-24.4753
24.4753
86.3024
1.29011e-05
5.03469e-07
1.77528e-06
5.0347e-07
1.47475e-08
5.19987e-08
1.77528e-06
5.19987e-08
1.83351e-07
-6.94119
6.94116
24.4753
6.94116
-6.94116
-24.4753
24.4753
-24.4753
-86.3024
6.94116
-6.94116
-24.4753
-6.94116
6.94116
24.4753
-24.4753
24.4753
86.3024
1.29011e-05
5.03469e-07
1.77528e-06
5.0347e-07
1.47475e-08
5.19987e-08
1.77528e-06
5.19987e-08
1.83351e-07
-6.94119
6.94116
24.4753
6.94116
-6.94116
-24.4753
24.4753
-24.4753
-86.3024
6.94116
-6.94116
-24.4753
-6.94116
6.94116
24.4753
-24.4753
24.4753
86.3024
1.29011e-05
5.03469e-07
1.77528e-06
5.0347e-07
1.47475e-08
5.19987e-08
1.77528e-06
5.19987e-08
1.83351e-07
-6.94119
6.94116
24.4753
6.94116
-6.94116
-24.4753
24.4753
-24.4753
-86.3024
-2.84217e-14
1.68284e-14
0
-113.682
-3.36568e-14
-0
0
-0
113.682
0
0
0
0
0
0
0
0
0
2.84217e-14
-1.68284e-14
-0
113.682
3.36568e-14
0
-0
0
-113.682
-2.84217e-14
1.68284e-14
0
-113.682
-3.36568e-14
-0
0
-0
113.682
0
0
0
0
0
0
0
0
0
2.84217e-14
-1.68284e-14
-0
113.682
3.36568e-14
0
-0
0
-113.682
-2.84217e-14
1.68284e-14
0
-113.682
-3.36568e-14
-0
0
-0
113.682
0
0
0
0
0
0
0
0
0
2.84217e-14
-1.68284e-14
-0
113.682
3.36568e-14
0
-0
0
-113.682
-2.84217e-14
1.68284e-14
0
-113.682
-3.36568e-14
-0
0
-0
113.682
0
0
0
0
0
0
0
0
0
2.84217e-14
-1.68284e-14
-0
113.682
3.36568e-14
0
-0
0
-113.682
-2.84217e-14
1.68284e-14
0
-113.682
-3.36568e-14
-0
0
-0
113.682
0
0
0
0
0
0
0
0
0
2.84217e-14
-1.68284e-14
-0
113.682
3.36568e-14
0
-0
0
-113.682
-2.84217e-14
1.68284e-14
0
-113.682
-3.36568e-14
-0
0
-0
113.682
0
0
0
0
0
0
0
0
0
2.84217e-14
-1.68284e-14
-0
113.682
3.36568e-14
0
-0
0
-113.682
6.94116
-6.94116
-24.4753
-6.94116
6.94116
24.4753
-24.4753
24.4753
86.3024
1.29011e-05
5.03469e-07
1.77528e-06
5.0347e-07
1.47475e-08
5.19987e-08
1.77528e-06
5.19987e-08
1.83351e-07
-6.94119
6.94116
24.4753
6.94116
-6.94116
-24.4753
24.4753
-24.4753
-86.3024
6.94116
-6.94116
-24.4753
-6.94116
6.94116
24.4753
-24.4753
24.4753
86.3024
1.29011e-05
5.03469e-07
1.77528e-06
5.0347e-07
1.47475e-08
5.19987e-08
1.77528e-06
5.19987e-08
1.83351e-07
-6.94119
6.94116
24.4753
6.94116
-6.94116
-24.4753
24.4753
-24.4753
-86.3024
6.94116
-6.94116
-24.4753
-6.94116
6.94116
24.4753
-24.4753
24.4753
86.3024
1.29011e-05
5.03469e-07
1.77528e-06
5.0347e-07
1.47475e-08
5.19987e-08
1.77528e-06
5.19987e-08
1.83351e-07
-6.94119
6.94116
24.4753
6.94116
-6.94116
-24.4753
24.4753
-24.4753
-86.3024
0
1.44864e-14
0
1.44864e-14
2.34603e-14
0
0
0
83.995
7.32515e+09
-2.17269e-06
0
-2.17269e-06
-2.08096e-06
0
0
0
-41.9975
-7.32515e+09
2.17269e-06
0
2.17269e-06
2.08096e-06
0
0
0
-41.9975
0
1.44864e-14
0
1.44864e-14
2.34603e-14
0
0
0
83.995
7.32515e+09
-2.17269e-06
0
-2.17269e-06
-2.08096e-06
0
0
0
-41.9975
-7.32515e+09
2.17269e-06
0
2.17269e-06
2.08096e-06
0
0
0
-41.9975
0
1.44864e-14
0
1.44864e-14
2.34603e-14
0
0
0
83.995
7.32515e+09
-2.17269e-06
0
-2.17269e-06
-2.08096e-06
0
0
0
-41.9975
-7.32515e+09
2.17269e-06
0
2.17269e-06
2.08096e-06
0
0
0
-41.9975
6.94116
-6.94116
-24.4753
-6.94116
6.94116
24.4753
-24.4753
24.4753
86.3024
1.29011e-05
5.03469e-07
1.77528e-06
5.0347e-07
1.47475e-08
5.19987e-08
1.77528e-06
5.19987e-08
1.83351e-07
-6.94119
6.94116
24.4753
6.94116
-6.94116
-24.4753
24.4753
-24.4753
-86.3024
6.94116
-6.94116
-24.4753
-6.94116
6.94116
24.4753
-24.4753
24.4753
86.3024
1.29011e-05
5.03469e-07
1.77528e-06
5.0347e-07
1.47475e-08
5.19987e-08
1.77528e-06
5.19987e-08
1.83351e-07
-6.94119
6.94116
24.4753
6.94116
-6.94116
-24.4753
24.4753
-24.4753
-86.3024
6.94116
-6.94116
-24.4753
-6.94116
6.94116
24.4753
-24.4753
24.4753
86.3024
1.29011e-05
5.03469e-07
1.77528e-06
5.0347e-07
1.47475e-08
5.19987e-08
1.77528e-06
5.19987e-08
1.83351e-07
-6.94119
6.94116
24.4753
6.94116
-6.94116
-24.4753
24.4753
-24.4753
-86.3024
0.265945
-0.265945
-5.5646
-0.265945
0.265945
5.5646
-5.5646
5.5646
116.433
-0.00633487
-7.28562e-06
-0.000151249
-7.28562e-06
-6.29331e-09
-1.30802e-07
-0.000151249
-1.30802e-07
-2.70838e-06
-0.287527
0.265921
5.56408
0.265921
-0.265946
-5.5646
5.56408
-5.5646
-116.433
0.265945
-0.265945
-5.5646
-0.265945
0.265945
5.5646
-5.5646
5.5646
116.433
-0.00633487
-7.28562e-06
-0.000151249
-7.28562e-06
-6.29331e-09
-1.30802e-07
-0.000151249
-1.30802e-07
-2.70838e-06
-0.287527
0.265921
5.56408
0.265921
-0.265946
-5.5646
5.56408
-5.5646
-116.433
0.265945
-0.265945
-5.5646
-0.265945
0.265945
5.5646
-5.5646
5.5646
116.433
-0.00633487
-7.28562e-06
-0.000151249
-7.28562e-06
-6.29331e-09
-1.30802e-07
-0.000151249
-1.30802e-07
-2.70838e-06
-0.287527
0.265921
5.56408
0.265921
-0.265946
-5.5646
5.56408
-5.5646
-116.433
0
2.90395e-14
0
2.90395e-14
1.83109e-14
0
0
0
120.969
2.10992e+10
-7.40435e-06
0
-7.40435e-06
-3.97144e-06
0
0
0
-60.4844
-2.10992e+10
7.40435e-06
0
7.40435e-06
3.97144e-06
0
0
0
-60.4844
0
2.90395e-14
0
2.90395e-14
1.83109e-14
0
0
0
120.969
2.10992e+10
-7.40435e-06
0
-7.40435e-06
-3.97144e-06
0
0
0
-60.4844
-2.10992e+10
7.40435e-06
0
7.40435e-06
3.97144e-06
0
0
0
-60.4844
0
2.90395e-14
0
2.90395e-14
1.83109e-14
0
0
0
120.969
2.10992e+10
-7.40435e-06
0
-7.40435e-06
-3.97144e-06
0
0
0
-60.4844
-2.10992e+10
7.40435e-06
0
7.40435e-06
3.97144e-06
0
0
0
-60.4844
-2.84217e-14
1.68284e-14
0
-113.682
-3.36568e-14
-0
0
-0
113.682
0
0
0
0
0
0
0
0
0
2.84217e-14
-1.68284e-14
-0
113.682
3.36568e-14
0
-0
0
-113.682
-2.84217e-14
1.68284e-14
0
-113.682
-3.36568e-14
-0
0
-0
113.682
0
0
0
0
0
0
0
0
0
2.84217e-14
-1.68284e-14
-0
113.682
3.36568e-14
0
-0
0
-113.682
-2.84217e-14
1.68284e-14
0
-113.682
-3.36568e-14
-0
0
-0
113.682
0
0
0
0
0
0
0
0
0
2.84217e-14
-1.68284e-14
-0
113.682
3.36568e-14
0
-0
0
-113.682
0
2.90395e-14
0
2.90395e-14
1.83109e-14
0
0
0
120.969
2.10992e+10
-7.40435e-06
0
-7.40435e-06
-3.97144e-06
0
0
0
-60.4844
-2.10992e+10
7.40435e-06
0
7.40435e-06
3.97144e-06
0
0
0
-60.4844
0
2.90395e-14
0
2.90395e-14
1.83109e-14
0
0
0
120.969
2.10992e+10
-7.40435e-06
0
-7.40435e-06
-3.97144e-06
0
0
0
-60.4844
-2.10992e+10
7.40435e-06
0
7.40435e-06
3.97144e-06
0
0
0
-60.4844
0
2.90395e-14
0
2.90395e-14
1.83109e-14
0
0
0
120.969
2.10992e+10
-7.40435e-06
0
-7.40435e-06
-3.97144e-06
0
0
0
-60.4844
-2.10992e+10
7.40435e-06
0
7.40435e-06
3.97144e-06
0
0
0
-60.4844
0.265945
-0.265945
-5.5646
-0.265945
0.265945
5.5646
-5.5646
5.5646
116.433
-0.00633487
-7.28562e-06
-0.000151249
-7.28562e-06
-6.29331e-09
-1.30802e-07
-0.000151249
-1.30802e-07
-2.70838e-06
-0.287527
0.265921
5.56408
0.265921
-0.265946
-5.5646
5.56408
-5.5646
-116.433
0.265945
-0.265945
-5.5646
-0.265945
0.265945
5.5646
-5.5646
5.5646
116.433
-0.00633487
-7.28562e-06
-0.000151249
-7.28562e-06
-6.29331e-09
-1.30802e-07
-0.000151249
-1.30802e-07
-2.70838e-06
-0.287527
0.265921
5.56408
0.265921
-0.265946
-5.5646
5.56408
-5.5646
-116.433
0.265945
-0.265945
-5.5646
-0.265945
0.265945
5.5646
-5.5646
5.5646
116.433
-0.00633487
-7.28562e-06
-0.000151249
-7.28562e-06
-6.29331e-09
-1.30802e-07
-0.000151249
-1.30802e-07
-2.70838e-06
-0.287527
0.265921
5.56408
0.265921
-0.265946
-5.5646
5.56408
-5.5646
-116.433
-2.84217e-14
1.68284e-14
0
-113.682
-3.36568e-14
-0
0
-0
113.682
0
0
0
0
0
0
0
0
0
2.84217e-14
-1.68284e-14
-0
113.682
3.36568e-14
0
-0
0
-113.682
-2.84217e-14
1.68284e-14
0
-113.682
-3.36568e-14
-0
0
-0
113.682
0
0
0
0
0
0
0
0
0
2.84217e-14
-1.68284e-14
-0
113.682
3.36568e-14
0
-0
0
-113.682
-2.84217e-14
1.68284e-14
0
-113.682
-3.36568e-14
-0
0
-0
113.682
0
0
0
0
0
0
0
0
0
2.84217e-14
-1.68284e-14
-0
113.682
3.36568e-14
0
-0
0
-113.682
0.265945
-0.265945
-5.5646
-0.265945
0.265945
5.5646
-5.5646
5.5646
116.433
-0.00633487
-7.28562e-06
-0.000151249
-7.28562e-06
-6.29331e-09
-1.30802e-07
-0.000151249
-1.30802e-07
-2.70838e-06
-0.287527
0.265921
5.56408
0.265921
-0.265946
-5.5646
5.56408
-5.5646
-116.433
0.265945
-0.265945
-5.5646
-0.265945
0.265945
5.5646
-5.5646
5.5646
116.433
-0.00633487
-7.28562e-06
-0.000151249
-7.28562e-06
-6.29331e-09
-1.30802e-07
-0.000151249
-1.30802e-07
-2.70838e-06
-0.287527
0.265921
5.56408
0.265921
-0.265946
-5.5646
5.56408
-5.5646
-116.433
0.265945
-0.265945
-5.5646
-0.265945
0.265945
5.5646
-5.5646
5.5646
116.433
-0.00633487
-7.28562e-06
-0.000151249
-7.28562e-06
-6.29331e-09
-1.30802e-07
-0.000151249
-1.30802e-07
-2.70838e-06
-0.287527
0.265921
5.56408
0.265921
-0.265946
-5.5646
5.56408
-5.5646
-116.433
0
2.90395e-14
0
2.90395e-14
1.83109e-14
0
0
0
120.969
2.10992e+10
-7.40435e-06
0
-7.40435e-06
-3.97144e-06
0
0
0
-60.4844
-2.10992e+10
7.40435e-06
0
7.40435e-06
3.97144e-06
0
0
0
-60.4844
0
2.90395e-14
0
2.90395e-14
1.83109e-14
0
0
0
120.969
2.10992e+10
-7.40435e-06
0
-7.40435e-06
-3.97144e-06
0
0
0
-60.4844
-2.10992e+10
7.40435e-06
0
7.40435e-06
3.97144e-06
0
0
0
-60.4844
0
2.90395e-14
0
2.90395e-14
1.83109e-14
0
0
0
120.969
2.10992e+10
-7.40435e-06
0
-7.40435e-06
-3.97144e-06
0
0
0
-60.4844
-2.10992e+10
7.40435e-06
0
7.40435e-06
3.97144e-06
0
0
0
-60.4844
0
2.90395e-14
0
2.90395e-14
1.83109e-14
0
0
0
120.969
2.10992e+10
-7.40435e-06
0
-7.40435e-06
-3.97144e-06
0
0
0
-60.4844
-2.10992e+10
7.40435e-06
0
7.40435e-06
3.97144e-06
0
0
0
-60.4844
0
2.90395e-14
0
2.90395e-14
1.83109e-14
0
0
0
120.969
2.10992e+10
-7.40435e-06
0
-7.40435e-06
-3.97144e-06
0
0
0
-60.4844
-2.10992e+10
7.40435e-06
0
7.40435e-06
3.97144e-06
0
0
0
-60.4844
0
2.90395e-14
0
2.90395e-14
1.83109e-14
0
0
0
120.969
2.10992e+10
-7.40435e-06
0
-7.40435e-06
-3.97144e-06
0
0
0
-60.4844
-2.10992e+10
7.40435e-06
0
7.40435e-06
3.97144e-06
0
0
0
-60.4844
-1.42109e-14
-0
0
-81.1288
0
-0
0
-0
81.1288
0
0
0
0
0
0
0
0
0
1.42109e-14
0
-0
81.1288
-0
0
-0
0
-81.1288
-1.42109e-14
-0
0
-81.1288
0
-0
0
-0
81.1288
0
0
0
0
0
0
0
0
0
1.42109e-14
0
-0
81.1288
-0
0
-0
0
-81.1288
-1.42109e-14
-0
0
-81.1288
0
-0
0
-0
81.1288
0
0
0
0
0
0
0
0
0
1.42109e-14
0
-0
81.1288
-0
0
-0
0
-81.1288
14.0902
-14.0902
34.2259
-14.0902
14.0902
-34.2259
34.2259
-34.2259
83.1367
-5.97012e-06
-4.75059e-07
1.15396e-06
-4.75059e-07
-2.84394e-08
6.90802e-08
1.15396e-06
6.90802e-08
-1.67803e-07
-14.0902
14.0902
-34.2259
14.0902
-14.0902
34.2259
-34.2259
34.2259
-83.1367
14.0902
-14.0902
34.2259
-14.0902
14.0902
-34.2259
34.2259
-34.2259
83.1367
-5.97012e-06
-4.75059e-07
1.15396e-06
-4.75059e-07
-2.84394e-08
6.90802e-08
1.15396e-06
6.90802e-08
-1.67803e-07
-14.0902
14.0902
-34.2259
14.0902
-14.0902
34.2259
-34.2259
34.2259
-83.1367
14.0902
-14.0902
34.2259
-14.0902
14.0902
-34.2259
34.2259
-34.2259
83.1367
-5.97012e-06
-4.75059e-07
1.15396e-06
-4.75059e-07
-2.84394e-08
6.90802e-08
1.15396e-06
6.90802e-08
-1.67803e-07
-14.0902
14.0902
-34.2259
14.0902
-14.0902
34.2259
-34.2259
34.2259
-83.1367
-1.42109e-14
-0
0
-81.1288
0
-0
0
-0
81.1288
0
0
0
0
0
0
0
0
0
1.42109e-14
0
-0
81.1288
-0
0
-0
0
-81.1288
-1.42109e-14
-0
0
-81.1288
0
-0
0
-0
81.1288
0
0
0
0
0
0
0
0
0
1.42109e-14
0
-0
81.1288
-0
0
-0
0
-81.1288
-1.42109e-14
-0
0
-81.1288
0
-0
0
-0
81.1288
0
0
0
0
0
0
0
0
0
1.42109e-14
0
-0
81.1288
-0
0
-0
0
-81.1288
0
2.90395e-14
0
2.90395e-14
1.83109e-14
0
0
0
120.969
2.10992e+10
-7.40435e-06
0
-7.40435e-06
-3.97144e-06
0
0
0
-60.4844
-2.10992e+10
7.40435e-06
0
7.40435e-06
3.97144e-06
0
0
0
-60.4844
0
2.90395e-14
0
2.90395e-14
1.83109e-14
0
0
0
120.969
2.10992e+10
-7.40435e-06
0
-7.40435e-06
-3.97144e-06
0
0
0
-60.4844
-2.10992e+10
7.40435e-06
0
7.40435e-06
3.97144e-06
0
0
0
-60.4844
0
2.90395e-14
0
2.90395e-14
1.83109e-14
0
0
0
120.969
2.10992e+10
-7.40435e-06
0
-7.40435e-06
-3.97144e-06
0
0
0
-60.4844
-2.10992e+10
7.40435e-06
0
7.40435e-06
3.97144e-06
0
0
0
-60.4844
14.0902
-14.0902
34.2259
-14.0902
14.0902
-34.2259
34.2259
-34.2259
83.1367
-5.97012e-06
-4.75059e-07
1.15396e-06
-4.75059e-07
-2.84394e-08
6.90802e-08
1.15396e-06
6.90802e-08
-1.67803e-07
-14.0902
14.0902
-34.2259
14.0902
-14.0902
34.2259
-34.2259
34.2259
-83.1367
14.0902
-14.0902
34.2259
-14.0902
14.0902
-34.2259
34.2259
-34.2259
83.1367
-5.97012e-06
-4.75059e-07
1.15396e-06
-4.75059e-07
-2.84394e-08
6.90802e-08
1.15396e-06
6.90802e-08
-1.67803e-07
-14.0902
14.0902
-34.2259
14.0902
-14.0902
34.2259
-34.2259
34.2259
-83.1367
14.0902
-14.0902
34.2259
-14.0902
14.0902
-34.2259
34.2259
-34.2259
83.1367
-5.97012e-06
-4.75059e-07
1.15396e-06
-4.75059e-07
-2.84394e-08
6.90802e-08
1.15396e-06
6.90802e-08
-1.67803e-07
-14.0902
14.0902
-34.2259
14.0902
-14.0902
34.2259
-34.2259
34.2259
-83.1367
-1.42109e-14
-0
0
-81.1288
0
-0
0
-0
81.1288
0
0
0
0
0
0
0
0
0
1.42109e-14
0
-0
81.1288
-0
0
-0
0
-81.1288
-1.42109e-14
-0
0
-81.1288
0
-0
0
-0
81.1288
0
0
0
0
0
0
0
0
0
1.42109e-14
0
-0
81.1288
-0
0
-0
0
-81.1288
-1.42109e-14
-0
0
-81.1288
0
-0
0
-0
81.1288
0
0
0
0
0
0
0
0
0
1.42109e-14
0
-0
81.1288
-0
0
-0
0
-81.1288
14.0902
-14.0902
34.2259
-14.0902
14.0902
-34.2259
34.2259
-34.2259
83.1367
-5.97012e-06
-4.75059e-07
1.15396e-06
-4.75059e-07
-2.84394e-08
6.90802e-08
1.15396e-06
6.90802e-08
-1.67803e-07
-14.0902
14.0902
-34.2259
14.0902
-14.0902
34.2259
-34.2259
34.2259
-83.1367
14.0902
-14.0902
34.2259
-14.0902
14.0902
-34.2259
34.2259
-34.2259
83.1367
-5.97012e-06
-4.75059e-07
1.15396e-06
-4.75059e-07
-2.84394e-08
6.90802e-08
1.15396e-06
6.90802e-08
-1.67803e-07
-14.0902
14.0902
-34.2259
14.0902
-14.0902
34.2259
-34.2259
34.2259
-83.1367
14.0902
-14.0902
34.2259
-14.0902
14.0902
-34.2259
34.2259
-34.2259
83.1367
-5.97012e-06
-4.75059e-07
1.15396e-06
-4.75059e-07
-2.84394e-08
6.90802e-08
1.15396e-06
6.90802e-08
-1.67803e-07
-14.0902
14.0902
-34.2259
14.0902
-14.0902
34.2259
-34.2259
34.2259
-83.1367
-1.42109e-14
1.54887e-14
0
-104.632
-6.19549e-14
-0
0
-0
104.632
0
0
0
0
0
0
0
0
0
1.42109e-14
-1.54887e-14
-0
104.632
6.19549e-14
0
-0
0
-104.632
-1.42109e-14
1.54887e-14
0
-104.632
-6.19549e-14
-0
0
-0
104.632
0
0
0
0
0
0
0
0
0
1.42109e-14
-1.54887e-14
-0
104.632
6.19549e-14
0
-0
0
-104.632
-1.42109e-14
1.54887e-14
0
-104.632
-6.19549e-14
-0
0
-0
104.632
0
0
0
0
0
0
0
0
0
1.42109e-14
-1.54887e-14
-0
104.632
6.19549e-14
0
-0
0
-104.632
-1.42109e-14
-0
0
-81.1288
0
-0
0
-0
81.1288
0
0
0
0
0
0
0
0
0
1.42109e-14
0
-0
81.1288
-0
0
-0
0
-81.1288
-1.42109e-14
-0
0
-81.1288
0
-0
0
-0
81.1288
0
0
0
0
0
0
0
0
0
1.42109e-14
0
-0
81.1288
-0
0
-0
0
-81.1288
-1.42109e-14
-0
0
-81.1288
0
-0
0
-0
81.1288
0
0
0
0
0
0
0
0
0
1.42109e-14
0
-0
81.1288
-0
0
-0
0
-81.1288
6.58155
-6.58155
-24.2278
-6.58155
6.58155
24.2278
-24.2278
24.2278
89.1866
-3.02997e-05
-1.08759e-06
-4.00368e-06
-1.08759e-06
-2.92961e-08
-1.07848e-07
-4.00368e-06
-1.07848e-07
-3.97016e-07
-6.58156
6.58155
24.2278
6.58155
-6.58155
-24.2278
24.2278
-24.2278
-89.1866
6.58155
-6.58155
-24.2278
-6.58155
6.58155
24.2278
-24.2278
24.2278
89.1866
-3.02997e-05
-1.08759e-06
-4.00368e-06
-1.08759e-06
-2.92961e-08
-1.07848e-07
-4.00368e-06
-1.07848e-07
-3.97016e-07
-6.58156
6.58155
24.2278
6.58155
-6.58155
-24.2278
24.2278
-24.2278
-89.1866
6.58155
-6.58155
-24.2278
-6.58155
6.58155
24.2278
-24.2278
24.2278
89.1866
-3.02997e-05
-1.08759e-06
-4.00368e-06
-1.08759e-06
-2.92961e-08
-1.07848e-07
-4.00368e-06
-1.07848e-07
-3.97016e-07
-6.58156
6.58155
24.2278
6.58155
-6.58155
-24.2278
24.2278
-24.2278
-89.1866
-1.42109e-14
1.54887e-14
0
-104.632
-6.19549e-14
-0
0
-0
104.632
0
0
0
0
0
0
0
0
0
1.42109e-14
-1.54887e-14
-0
104.632
6.19549e-14
0
-0
0
-104.632
-1.42109e-14
1.54887e-14
0
-104.632
-6.19549e-14
-0
0
-0
104.632
0
0
0
0
0
0
0
0
0
1.42109e-14
-1.54887e-14
-0
104.632
6.19549e-14
0
-0
0
-104.632
-1.42109e-14
1.54887e-14
0
-104.632
-6.19549e-14
-0
0
-0
104.632
0
0
0
0
0
0
0
0
0
1.42109e-14
-1.54887e-14
-0
104.632
6.19549e-14
0
-0
0
-104.632
6.58155
-6.58155
-24.2278
-6.58155
6.58155
24.2278
-24.2278
24.2278
89.1866
-3.02997e-05
-1.08759e-06
-4.00368e-06
-1.08759e-06
-2.92961e-08
-1.07848e-07
-4.00368e-06
-1.07848e-07
-3.97016e-07
-6.58156
6.58155
24.2278
6.58155
-6.58155
-24.2278
24.2278
-24.2278
-89.1866
6.58155
-6.58155
-24.2278
-6.58155
6.58155
24.2278
-24.2278
24.2278
89.1866
-3.02997e-05
-1.08759e-06
-4.00368e-06
-1.08759e-06
-2.92961e-08
-1.07848e-07
-4.00368e-06
-1.07848e-07
-3.97016e-07
-6.58156
6.58155
24.2278
6.58155
-6.58155
-24.2278
24.2278
-24.2278
-89.1866
6.58155
-6.58155
-24.2278
-6.58155
6.58155
24.2278
-24.2278
24.2278
89.1866
-3.02997e-05
-1.08759e-06
-4.00368e-06
-1.08759e-06
-2.92961e-08
-1.07848e-07
-4.00368e-06
-1.07848e-07
-3.97016e-07
-6.58156
6.58155
24.2278
6.58155
-6.58155
-24.2278
24.2278
-24.2278
-89.1866
-1.42109e-14
-0
0
-81.1288
0
-0
0
-0
81.1288
0
0
0
0
0
0
0
0
0
1.42109e-14
0
-0
81.1288
-0
0
-0
0
-81.1288
-1.42109e-14
-0
0
-81.1288
0
-0
0
-0
81.1288
0
0
0
0
0
0
0
0
0
1.42109e-14
0
-0
81.1288
-0
0
-0
0
-81.1288
-1.42109e-14
-0
0
-81.1288
0
-0
0
-0
81.1288
0
0
0
0
0
0
0
0
0
1.42109e-14
0
-0
81.1288
-0
0
-0
0
-81.1288
6.58155
-6.58155
-24.2278
-6.58155
6.58155
24.2278
-24.2278
24.2278
89.1866
-3.02997e-05
-1.08759e-06
-4.00368e-06
-1.08759e-06
-2.92961e-08
-1.07848e-07
-4.00368e-06
-1.07848e-07
-3.97016e-07
-6.58156
6.58155
24.2278
6.58155
-6.58155
-24.2278
24.2278
-24.2278
-89.1866
6.58155
-6.58155
-24.2278
-6.58155
6.58155
24.2278
-24.2278
24.2278
89.1866
-3.02997e-05
-1.08759e-06
-4.00368e-06
-1.08759e-06
-2.92961e-08
-1.07848e-07
-4.00368e-06
-1.07848e-07
-3.97016e-07
-6.58156
6.58155
24.2278
6.58155
-6.58155
-24.2278
24.2278
-24.2278
-89.1866
6.58155
-6.58155
-24.2278
-6.58155
6.58155
24.2278
-24.2278
24.2278
89.1866
-3.02997e-05
-1.08759e-06
-4.00368e-06
-1.08759e-06
-2.92961e-08
-1.07848e-07
-4.00368e-06
-1.07848e-07
-3.97016e-07
-6.58156
6.58155
24.2278
6.58155
-6.58155
-24.2278
24.2278
-24.2278
-89.1866
3.03293
-3.03293
-18.8362
-3.03293
3.03293
18.8362
-18.8362
18.8362
116.984
0.000107762
1.38345e-06
8.59192e-06
1.38345e-06
1.33218e-08
8.27331e-08
8.59192e-06
8.27331e-08
5.13818e-07
-3.03284
3.03293
18.8362
3.03293
-3.03293
-18.8362
18.8362
-18.8362
-116.984
3.03293
-3.03293
-18.8362
-3.03293
3.03293
18.8362
-18.8362
18.8362
116.984
0.000107762
1.38345e-06
8.59192e-06
1.38345e-06
1.33218e-08
8.27331e-08
8.59192e-06
8.27331e-08
5.13818e-07
-3.03284
3.03293
18.8362
3.03293
-3.03293
-18.8362
18.8362
-18.8362
-116.984
3.03293
-3.03293
-18.8362
-3.03293
3.03293
18.8362
-18.8362
18.8362
116.984
0.000107762
1.38345e-06
8.59192e-06
1.38345e-06
1.33218e-08
8.27331e-08
8.59192e-06
8.27331e-08
5.13818e-07
-3.03284
3.03293
18.8362
3.03293
-3.03293
-18.8362
18.8362
-18.8362
-116.984
3.03293
-3.03293
-18.8362
-3.03293
3.03293
18.8362
-18.8362
18.8362
116.984
0.000107762
1.38345e-06
8.59192e-06
1.38345e-06
1.33218e-08
8.27331e-08
8.59192e-06
8.27331e-08
5.13818e-07
-3.03284
3.03293
18.8362
3.03293
-3.03293
-18.8362
18.8362
-18.8362
-116.984
3.03293
-3.03293
-18.8362
-3.03293
3.03293
18.8362
-18.8362
18.8362
116.984
0.000107762
1.38345e-06
8.59192e-06
1.38345e-06
1.33218e-08
8.27331e-08
8.59192e-06
8.27331e-08
5.13818e-07
-3.03284
3.03293
18.8362
3.03293
-3.03293
-18.8362
18.8362
-18.8362
-116.984
3.03293
-3.03293
-18.8362
-3.03293
3.03293
18.8362
-18.8362
18.8362
116.984
0.000107762
1.38345e-06
8.59192e-06
1.38345e-06
1.33218e-08
8.27331e-08
8.59192e-06
8.27331e-08
5.13818e-07
-3.03284
3.03293
18.8362
3.03293
-3.03293
-18.8362
18.8362
-18.8362
-116.984
31.6941
-31.6941
61.6316
-31.6941
31.6941
-61.6316
61.6316
-61.6316
119.848
-1.53319e-06
-1.83864e-07
3.57549e-07
-1.83864e-07
-1.66557e-08
3.23895e-08
3.57549e-07
3.23895e-08
-6.29868e-08
-31.6941
31.6941
-61.6316
31.6941
-31.6941
61.6316
-61.6316
61.6316
-119.848
31.6941
-31.6941
61.6316
-31.6941
31.6941
-61.6316
61.6316
-61.6316
119.848
-1.53319e-06
-1.83864e-07
3.57549e-07
-1.83864e-07
-1.66557e-08
3.23895e-08
3.57549e-07
3.23895e-08
-6.29868e-08
-31.6941
31.6941
-61.6316
31.6941
-31.6941
61.6316
-61.6316
61.6316
-119.848
31.6941
-31.6941
61.6316
-31.6941
31.6941
-61.6316
61.6316
-61.6316
119.848
-1.53319e-06
-1.83864e-07
3.57549e-07
-1.83864e-07
-1.66557e-08
3.23895e-08
3.57549e-07
3.23895e-08
-6.29868e-08
-31.6941
31.6941
-61.6316
31.6941
-31.6941
61.6316
-61.6316
61.6316
-119.848
37.4
-37.4
-60.4586
-37.4
37.4
60.4586
-60.4586
60.4586
97.7338
4.14047e-07
6.88457e-08
1.11295e-07
6.88457e-08
8.70777e-09
1.40773e-08
1.11295e-07
1.40773e-08
2.27572e-08
-37.4
37.4
60.4586
37.4
-37.4
-60.4586
60.4586
-60.4586
-97.7338
37.4
-37.4
-60.4586
-37.4
37.4
60.4586
-60.4586
60.4586
97.7338
4.14047e-07
6.88457e-08
1.11295e-07
6.88457e-08
8.70777e-09
1.40773e-08
1.11295e-07
1.40773e-08
2.27572e-08
-37.4
37.4
60.4586
37.4
-37.4
-60.4586
60.4586
-60.4586
-97.7338
37.4
-37.4
-60.4586
-37.4
37.4
60.4586
-60.4586
60.4586
97.7338
4.14047e-07
6.88457e-08
1.11295e-07
6.88457e-08
8.70777e-09
1.40773e-08
1.11295e-07
1.40773e-08
2.27572e-08
-37.4
37.4
60.4586
37.4
-37.4
-60.4586
60.4586
-60.4586
-97.7338
37.4
-37.4
-60.4586
-37.4
37.4
60.4586
-60.4586
60.4586
97.7338
4.14047e-07
6.88457e-08
1.11295e-07
6.88457e-08
8.70777e-09
1.40773e-08
1.11295e-07
1.40773e-08
2.27572e-08
-37.4
37.4
60.4586
37.4
-37.4
-60.4586
60.4586
-60.4586
-97.7338
37.4
-37.4
-60.4586
-37.4
37.4
60.4586
-60.4586
60.4586
97.7338
4.14047e-07
6.88457e-08
1.11295e-07
6.88457e-08
8.70777e-09
1.40773e-08
1.11295e-07
1.40773e-08
2.27572e-08
-37.4
37.4
60.4586
37.4
-37.4
-60.4586
60.4586
-60.4586
-97.7338
37.4
-37.4
-60.4586
-37.4
37.4
60.4586
-60.4586
60.4586
97.7338
4.14047e-07
6.88457e-08
1.11295e-07
6.88457e-08
8.70777e-09
1.40773e-08
1.11295e-07
1.40773e-08
2.27572e-08
-37.4
37.4
60.4586
37.4
-37.4
-60.4586
60.4586
-60.4586
-97.7338
31.6941
-31.6941
61.6316
-31.6941
31.6941
-61.6316
61.6316
-61.6316
119.848
-1.53319e-06
-1.83864e-07
3.57549e-07
-1.83864e-07
-1.66557e-08
3.23895e-08
3.57549e-07
3.23895e-08
-6.29868e-08
-31.6941
31.6941
-61.6316
31.6941
-31.6941
61.6316
-61.6316
61.6316
-119.848
31.6941
-31.6941
61.6316
-31.6941
31.6941
-61.6316
61.6316
-61.6316
119.848
-1.53319e-06
-1.83864e-07
3.57549e-07
-1.83864e-07
-1.66557e-08
3.23895e-08
3.57549e-07
3.23895e-08
-6.29868e-08
-31.6941
31.6941
-61.6316
31.6941
-31.6941
61.6316
-61.6316
61.6316
-119.848
31.6941
-31.6941
61.6316
-31.6941
31.6941
-61.6316
61.6316
-61.6316
119.848
-1.53319e-06
-1.83864e-07
3.57549e-07
-1.83864e-07
-1.66557e-08
3.23895e-08
3.57549e-07
3.23895e-08
-6.29868e-08
-31.6941
31.6941
-61.6316
31.6941
-31.6941
61.6316
-61.6316
61.6316
-119.848
0.265945
-0.265945
-5.5646
-0.265945
0.265945
5.5646
-5.5646
5.5646
116.433
-0.00633487
-7.28562e-06
-0.000151249
-7.28562e-06
-6.29331e-09
-1.30802e-07
-0.000151249
-1.30802e-07
-2.70838e-06
-0.287527
0.265921
5.56408
0.265921
-0.265946
-5.5646
5.56408
-5.5646
-116.433
0.265945
-0.265945
-5.5646
-0.265945
0.265945
5.5646
-5.5646
5.5646
116.433
-0.00633487
-7.28562e-06
-0.000151249
-7.28562e-06
-6.29331e-09
-1.30802e-07
-0.000151249
-1.30802e-07
-2.70838e-06
-0.287527
0.265921
5.56408
0.265921
-0.265946
-5.5646
5.56408
-5.5646
-116.433
0.265945
-0.265945
-5.5646
-0.265945
0.265945
5.5646
-5.5646
5.5646
116.433
-0.00633487
-7.28562e-06
-0.000151249
-7.28562e-06
-6.29331e-09
-1.30802e-07
-0.000151249
-1.30802e-07
-2.70838e-06
-0.287527
0.265921
5.56408
0.265921
-0.265946
-5.5646
5.56408
-5.5646
-116.433
-2.84217e-14
1.68284e-14
0
-113.682
-3.36568e-14
-0
0
-0
113.682
0
0
0
0
0
0
0
0
0
2.84217e-14
-1.68284e-14
-0
113.682
3.36568e-14
0
-0
0
-113.682
-2.84217e-14
1.68284e-14
0
-113.682
-3.36568e-14
-0
0
-0
113.682
0
0
0
0
0
0
0
0
0
2.84217e-14
-1.68284e-14
-0
113.682
3.36568e-14
0
-0
0
-113.682
-2.84217e-14
1.68284e-14
0
-113.682
-3.36568e-14
-0
0
-0
113.682
0
0
0
0
0
0
0
0
0
2.84217e-14
-1.68284e-14
-0
113.682
3.36568e-14
0
-0
0
-113.682
6.94116
-6.94116
-24.4753
-6.94116
6.94116
24.4753
-24.4753
24.4753
86.3024
1.29011e-05
5.03469e-07
1.77528e-06
5.0347e-07
1.47475e-08
5.19987e-08
1.77528e-06
5.19987e-08
1.83351e-07
-6.94119
6.94116
24.4753
6.94116
-6.94116
-24.4753
24.4753
-24.4753
-86.3024
6.94116
-6.94116
-24.4753
-6.94116
6.94116
24.4753
-24.4753
24.4753
86.3024
1.29011e-05
5.03469e-07
1.77528e-06
5.0347e-07
1.47475e-08
5.19987e-08
1.77528e-06
5.19987e-08
1.83351e-07
-6.94119
6.94116
24.4753
6.94116
-6.94116
-24.4753
24.4753
-24.4753
-86.3024
6.94116
-6.94116
-24.4753
-6.94116
6.94116
24.4753
-24.4753
24.4753
86.3024
1.29011e-05
5.03469e-07
1.77528e-06
5.0347e-07
1.47475e-08
5.19987e-08
1.77528e-06
5.19987e-08
1.83351e-07
-6.94119
6.94116
24.4753
6.94116
-6.94116
-24.4753
24.4753
-24.4753
-86.3024
0.265945
-0.265945
-5.5646
-0.265945
0.265945
5.5646
-5.5646
5.5646
116.433
-0.00633487
-7.28562e-06
-0.000151249
-7.28562e-06
-6.29331e-09
-1.30802e-07
-0.000151249
-1.30802e-07
-2.70838e-06
-0.287527
0.265921
5.56408
0.265921
-0.265946
-5.5646
5.56408
-5.5646
-116.433
0.265945
-0.265945
-5.5646
-0.265945
0.265945
5.5646
-5.5646
5.5646
116.433
-0.00633487
-7.28562e-06
-0.000151249
-7.28562e-06
-6.29331e-09
-1.30802e-07
-0.000151249
-1.30802e-07
-2.70838e-06
-0.287527
0.265921
5.56408
0.265921
-0.265946
-5.5646
5.56408
-5.5646
-116.433
0.265945
-0.265945
-5.5646
-0.265945
0.265945
5.5646
-5.5646
5.5646
116.433
-0.00633487
-7.28562e-06
-0.000151249
-7.28562e-06
-6.29331e-09
-1.30802e-07
-0.000151249
-1.30802e-07
-2.70838e-06
-0.287527
0.265921
5.56408
0.265921
-0.265946
-5.5646
5.56408
-5.5646
-116.433
6.94116
-6.94116
-24.4753
-6.94116
6.94116
24.4753
-24.4753
24.4753
86.3024
1.29011e-05
5.03469e-07
1.77528e-06
5.0347e-07
1.47475e-08
5.19987e-08
1.77528e-06
5.19987e-08
1.83351e-07
-6.94119
6.94116
24.4753
6.94116
-6.94116
-24.4753
24.4753
-24.4753
-86.3024
6.94116
-6.94116
-24.4753
-6.94116
6.94116
24.4753
-24.4753
24.4753
86.3024
1.29011e-05
5.03469e-07
1.77528e-06
5.0347e-07
1.47475e-08
5.19987e-08
1.77528e-06
5.19987e-08
1.83351e-07
-6.94119
6.94116
24.4753
6.94116
-6.94116
-24.4753
24.4753
-24.4753
-86.3024
6.94116
-6.94116
-24.4753
-6.94116
6.94116
24.4753
-24.4753
24.4753
86.3024
1.29011e-05
5.03469e-07
1.77528e-06
5.0347e-07
1.47475e-08
5.19987e-08
1.77528e-06
5.19987e-08
1.83351e-07
-6.94119
6.94116
24.4753
6.94116
-6.94116
-24.4753
24.4753
-24.4753
-86.3024
2.84217e-14
1.77319e-14
0
-119.786
-3.54639e-14
-0
0
-0
119.786
0
0
0
0
0
0
0
0
0
-2.84217e-14
-1.77319e-14
-0
119.786
3.54639e-14
0
-0
0
-119.786
2.84217e-14
1.77319e-14
0
-119.786
-3.54639e-14
-0
0
-0
119.786
0
0
0
0
0
0
0
0
0
-2.84217e-14
-1.77319e-14
-0
119.786
3.54639e-14
0
-0
0
-119.786
2.84217e-14
1.77319e-14
0
-119.786
-3.54639e-14
-0
0
-0
119.786
0
0
0
0
0
0
0
0
0
-2.84217e-14
-1.77319e-14
-0
119.786
3.54639e-14
0
-0
0
-119.786
2.11334
-2.11334
14.8467
-2.11334
2.11334
-14.8467
14.8467
-14.8467
104.301
-0.000352161
-3.54061e-06
2.48746e-05
-3.54061e-06
-2.66968e-08
1.87573e-07
2.48746e-05
1.87573e-07
-1.31781e-06
-2.11302
2.11334
-14.8467
2.11334
-2.11334
14.8467
-14.8467
14.8467
-104.301
2.11334
-2.11334
14.8467
-2.11334
2.11334
-14.8467
14.8467
-14.8467
104.301
-0.000352161
-3.54061e-06
2.48746e-05
-3.54061e-06
-2.66968e-08
1.87573e-07
2.48746e-05
1.87573e-07
-1.31781e-06
-2.11302
2.11334
-14.8467
2.11334
-2.11334
14.8467
-14.8467
14.8467
-104.301
2.11334
-2.11334
14.8467
-2.11334
2.11334
-14.8467
14.8467
-14.8467
104.301
-0.000352161
-3.54061e-06
2.48746e-05
-3.54061e-06
-2.66968e-08
1.87573e-07
2.48746e-05
1.87573e-07
-1.31781e-06
-2.11302
2.11334
-14.8467
2.11334
-2.11334
14.8467
-14.8467
14.8467
-104.301
14.2283
-14.2283
-34.032
-14.2283
14.2283
34.032
-34.032
34.032
81.3996
9.05812e-07
7.41962e-08
1.77461e-07
7.41962e-08
4.5721e-09
1.0938e-08
1.77461e-07
1.0938e-08
2.61608e-08
-14.2283
14.2283
34.032
14.2283
-14.2283
-34.032
34.032
-34.032
-81.3996
14.2283
-14.2283
-34.032
-14.2283
14.2283
34.032
-34.032
34.032
81.3996
9.05812e-07
7.41962e-08
1.77461e-07
7.41962e-08
4.5721e-09
1.0938e-08
1.77461e-07
1.0938e-08
2.61608e-08
-14.2283
14.2283
34.032
14.2283
-14.2283
-34.032
34.032
-34.032
-81.3996
14.2283
-14.2283
-34.032
-14.2283
14.2283
34.032
-34.032
34.032
81.3996
9.05812e-07
7.41962e-08
1.77461e-07
7.41962e-08
4.5721e-09
1.0938e-08
1.77461e-07
1.0938e-08
2.61608e-08
-14.2283
14.2283
34.032
14.2283
-14.2283
-34.032
34.032
-34.032
-81.3996
2.11334
-2.11334
14.8467
-2.11334
2.11334
-14.8467
14.8467
-14.8467
104.301
-0.000352161
-3.54061e-06
2.48746e-05
-3.54061e-06
-2.66968e-08
1.87573e-07
2.48746e-05
1.87573e-07
-1.31781e-06
-2.11302
2.11334
-14.8467
2.11334
-2.11334
14.8467
-14.8467
14.8467
-104.301
2.11334
-2.11334
14.8467
-2.11334
2.11334
-14.8467
14.8467
-14.8467
104.301
-0.000352161
-3.54061e-06
2.48746e-05
-3.54061e-06
-2.66968e-08
1.87573e-07
2.48746e-05
1.87573e-07
-1.31781e-06
-2.11302
2.11334
-14.8467
2.11334
-2.11334
14.8467
-14.8467
14.8467
-104.301
2.11334
-2.11334
14.8467
-2.11334
2.11334
-14.8467
14.8467
-14.8467
104.301
-0.000352161
-3.54061e-06
2.48746e-05
-3.54061e-06
-2.66968e-08
1.87573e-07
2.48746e-05
1.87573e-07
-1.31781e-06
-2.11302
2.11334
-14.8467
2.11334
-2.11334
14.8467
-14.8467
14.8467
-104.301
14.2283
-14.2283
-34.032
-14.2283
14.2283
34.032
-34.032
34.032
81.3996
9.05812e-07
7.41962e-08
1.77461e-07
7.41962e-08
4.5721e-09
1.0938e-08
1.77461e-07
1.0938e-08
2.61608e-08
-14.2283
14.2283
34.032
14.2283
-14.2283
-34.032
34.032
-34.032
-81.3996
14.2283
-14.2283
-34.032
-14.2283
14.2283
34.032
-34.032
34.032
81.3996
9.05812e-07
7.41962e-08
1.77461e-07
7.41962e-08
4.5721e-09
1.0938e-08
1.77461e-07
1.0938e-08
2.61608e-08
-14.2283
14.2283
34.032
14.2283
-14.2283
-34.032
34.032
-34.032
-81.3996
14.2283
-14.2283
-34.032
-14.2283
14.2283
34.032
-34.032
34.032
81.3996
9.05812e-07
7.41962e-08
1.77461e-07
7.41962e-08
4.5721e-09
1.0938e-08
1.77461e-07
1.0938e-08
2.61608e-08
-14.2283
14.2283
34.032
14.2283
-14.2283
-34.032
34.032
-34.032
-81.3996
0.265945
-0.265945
-5.5646
-0.265945
0.265945
5.5646
-5.5646
5.5646
116.433
-0.00633487
-7.28562e-06
-0.000151249
-7.28562e-06
-6.29331e-09
-1.30802e-07
-0.000151249
-1.30802e-07
-2.70838e-06
-0.287527
0.265921
5.56408
0.265921
-0.265946
-5.5646
5.56408
-5.5646
-116.433
0.265945
-0.265945
-5.5646
-0.265945
0.265945
5.5646
-5.5646
5.5646
116.433
-0.00633487
-7.28562e-06
-0.000151249
-7.28562e-06
-6.29331e-09
-1.30802e-07
-0.000151249
-1.30802e-07
-2.70838e-06
-0.287527
0.265921
5.56408
0.265921
-0.265946
-5.5646
5.56408
-5.5646
-116.433
0.265945
-0.265945
-5.5646
-0.265945
0.265945
5.5646
-5.5646
5.5646
116.433
-0.00633487
-7.28562e-06
-0.000151249
-7.28562e-06
-6.29331e-09
-1.30802e-07
-0.000151249
-1.30802e-07
-2.70838e-06
-0.287527
0.265921
5.56408
0.265921
-0.265946
-5.5646
5.56408
-5.5646
-116.433
0
2.90395e-14
0
2.90395e-14
1.83109e-14
0
0
0
120.969
2.10992e+10
-7.40435e-06
0
-7.40435e-06
-3.97144e-06
0
0
0
-60.4844
-2.10992e+10
7.40435e-06
0
7.40435e-06
3.97144e-06
0
0
0
-60.4844
0
2.90395e-14
0
2.90395e-14
1.83109e-14
0
0
0
120.969
2.10992e+10
-7.40435e-06
0
-7.40435e-06
-3.97144e-06
0
0
0
-60.4844
-2.10992e+10
7.40435e-06
0
7.40435e-06
3.97144e-06
0
0
0
-60.4844
0
2.90395e-14
0
2.90395e-14
1.83109e-14
0
0
0
120.969
2.10992e+10
-7.40435e-06
0
-7.40435e-06
-3.97144e-06
0
0
0
-60.4844
-2.10992e+10
7.40435e-06
0
7.40435e-06
3.97144e-06
0
0
0
-60.4844
14.0902
-14.0902
34.2259
-14.0902
14.0902
-34.2259
34.2259
-34.2259
83.1367
-5.97012e-06
-4.75059e-07
1.15396e-06
-4.75059e-07
-2.84394e-08
6.90802e-08
1.15396e-06
6.90802e-08
-1.67803e-07
-14.0902
14.0902
-34.2259
14.0902
-14.0902
34.2259
-34.2259
34.2259
-83.1367
14.0902
-14.0902
34.2259
-14.0902
14.0902
-34.2259
34.2259
-34.2259
83.1367
-5.97012e-06
-4.75059e-07
1.15396e-06
-4.75059e-07
-2.84394e-08
6.90802e-08
1.15396e-06
6.90802e-08
-1.67803e-07
-14.0902
14.0902
-34.2259
14.0902
-14.0902
34.2259
-34.2259
34.2259
-83.1367
14.0902
-14.0902
34.2259
-14.0902
14.0902
-34.2259
34.2259
-34.2259
83.1367
-5.97012e-06
-4.75059e-07
1.15396e-06
-4.75059e-07
-2.84394e-08
6.90802e-08
1.15396e-06
6.90802e-08
-1.67803e-07
-14.0902
14.0902
-34.2259
14.0902
-14.0902
34.2259
-34.2259
34.2259
-83.1367
14.0902
-14.0902
34.2259
-14.0902
14.0902
-34.2259
34.2259
-34.2259
83.1367
-5.97012e-06
-4.75059e-07
1.15396e-06
-4.75059e-07
-2.84394e-08
6.90802e-08
1.15396e-06
6.90802e-08
-1.67803e-07
-14.0902
14.0902
-34.2259
14.0902
-14.0902
34.2259
-34.2259
34.2259
-83.1367
14.0902
-14.0902
34.2259
-14.0902
14.0902
-34.2259
34.2259
-34.2259
83.1367
-5.97012e-06
-4.75059e-07
1.15396e-06
-4.75059e-07
-2.84394e-08
6.90802e-08
1.15396e-06
6.90802e-08
-1.67803e-07
-14.0902
14.0902
-34.2259
14.0902
-14.0902
34.2259
-34.2259
34.2259
-83.1367
14.0902
-14.0902
34.2259
-14.0902
14.0902
-34.2259
34.2259
-34.2259
83.1367
-5.97012e-06
-4.75059e-07
1.15396e-06
-4.75059e-07
-2.84394e-08
6.90802e-08
1.15396e-06
6.90802e-08
-1.67803e-07
-14.0902
14.0902
-34.2259
14.0902
-14.0902
34.2259
-34.2259
34.2259
-83.1367
37.4
-37.4
-60.4586
-37.4
37.4
60.4586
-60.4586
60.4586
97.7338
4.14047e-07
6.88457e-08
1.11295e-07
6.88457e-08
8.70777e-09
1.40773e-08
1.11295e-07
1.40773e-08
2.27572e-08
-37.4
37.4
60.4586
37.4
-37.4
-60.4586
60.4586
-60.4586
-97.7338
37.4
-37.4
-60.4586
-37.4
37.4
60.4586
-60.4586
60.4586
97.7338
4.14047e-07
6.88457e-08
1.11295e-07
6.88457e-08
8.70777e-09
1.40773e-08
1.11295e-07
1.40773e-08
2.27572e-08
-37.4
37.4
60.4586
37.4
-37.4
-60.4586
60.4586
-60.4586
-97.7338
37.4
-37.4
-60.4586
-37.4
37.4
60.4586
-60.4586
60.4586
97.7338
4.14047e-07
6.88457e-08
1.11295e-07
6.88457e-08
8.70777e-09
1.40773e-08
1.11295e-07
1.40773e-08
2.27572e-08
-37.4
37.4
60.4586
37.4
-37.4
-60.4586
60.4586
-60.4586
-97.7338
2.11334
-2.11334
14.8467
-2.11334
2.11334
-14.8467
14.8467
-14.8467
104.301
-0.000352161
-3.54061e-06
2.48746e-05
-3.54061e-06
-2.66968e-08
1.87573e-07
2.48746e-05
1.87573e-07
-1.31781e-06
-2.11302
2.11334
-14.8467
2.11334
-2.11334
14.8467
-14.8467
14.8467
-104.301
2.11334
-2.11334
14.8467
-2.11334
2.11334
-14.8467
14.8467
-14.8467
104.301
-0.000352161
-3.54061e-06
2.48746e-05
-3.54061e-06
-2.66968e-08
1.87573e-07
2.48746e-05
1.87573e-07
-1.31781e-06
-2.11302
2.11334
-14.8467
2.11334
-2.11334
14.8467
-14.8467
14.8467
-104.301
2.11334
-2.11334
14.8467
-2.11334
2.11334
-14.8467
14.8467
-14.8467
104.301
-0.000352161
-3.54061e-06
2.48746e-05
-3.54061e-06
-2.66968e-08
1.87573e-07
2.48746e-05
1.87573e-07
-1.31781e-06
-2.11302
2.11334
-14.8467
2.11334
-2.11334
14.8467
-14.8467
14.8467
-104.301
4.26326e-14
2.5965e-14
0
2.5965e-14
-6.24209e-15
0
0
0
102.64
1.0264e+10
-1.80159e-06
0
-1.80159e-06
-9.30391e-07
0
0
0
-51.32
-1.0264e+10
1.80159e-06
0
1.80159e-06
9.30391e-07
0
0
0
-51.32
4.26326e-14
2.5965e-14
0
2.5965e-14
-6.24209e-15
0
0
0
102.64
1.0264e+10
-1.80159e-06
0
-1.80159e-06
-9.30391e-07
0
0
0
-51.32
-1.0264e+10
1.80159e-06
0
1.80159e-06
9.30391e-07
0
0
0
-51.32
4.26326e-14
2.5965e-14
0
2.5965e-14
-6.24209e-15
0
0
0
102.64
1.0264e+10
-1.80159e-06
0
-1.80159e-06
-9.30391e-07
0
0
0
-51.32
-1.0264e+10
1.80159e-06
0
1.80159e-06
9.30391e-07
0
0
0
-51.32
31.6941
-31.6941
61.6316
-31.6941
31.6941
-61.6316
61.6316
-61.6316
119.848
-1.53319e-06
-1.83864e-07
3.57549e-07
-1.83864e-07
-1.66557e-08
3.23895e-08
3.57549e-07
3.23895e-08
-6.29868e-08
-31.6941
31.6941
-61.6316
31.6941
-31.6941
61.6316
-61.6316
61.6316
-119.848
31.6941
-31.6941
61.6316
-31.6941
31.6941
-61.6316
61.6316
-61.6316
119.848
-1.53319e-06
-1.83864e-07
3.57549e-07
-1.83864e-07
-1.66557e-08
3.23895e-08
3.57549e-07
3.23895e-08
-6.29868e-08
-31.6941
31.6941
-61.6316
31.6941
-31.6941
61.6316
-61.6316
61.6316
-119.848
31.6941
-31.6941
61.6316
-31.6941
31.6941
-61.6316
61.6316
-61.6316
119.848
-1.53319e-06
-1.83864e-07
3.57549e-07
-1.83864e-07
-1.66557e-08
3.23895e-08
3.57549e-07
3.23895e-08
-6.29868e-08
-31.6941
31.6941
-61.6316
31.6941
-31.6941
61.6316
-61.6316
61.6316
-119.848
1.42109e-14
1.64022e-14
0
-110.804
-6.5609e-14
-0
0
-0
110.804
0
0
0
0
0
0
0
0
0
-1.42109e-14
-1.64022e-14
-0
110.804
6.5609e-14
0
-0
0
-110.804
1.42109e-14
1.64022e-14
0
-110.804
-6.5609e-14
-0
0
-0
110.804
0
0
0
0
0
0
0
0
0
-1.42109e-14
-1.64022e-14
-0
110.804
6.5609e-14
0
-0
0
-110.804
1.42109e-14
1.64022e-14
0
-110.804
-6.5609e-14
-0
0
-0
110.804
0
0
0
0
0
0
0
0
0
-1.42109e-14
-1.64022e-14
-0
110.804
6.5609e-14
0
-0
0
-110.804
8.68755
-8.68755
28.6863
-8.68755
8.68755
-28.6863
28.6863
-28.6863
94.7221
-9.43006e-06
-4.17899e-07
1.37992e-06
-4.17899e-07
-1.39022e-08
4.5907e-08
1.37992e-06
4.5907e-08
-1.51588e-07
-8.68753
8.68755
-28.6863
8.68755
-8.68755
28.6863
-28.6863
28.6863
-94.7221
8.68755
-8.68755
28.6863
-8.68755
8.68755
-28.6863
28.6863
-28.6863
94.7221
-9.43006e-06
-4.17899e-07
1.37992e-06
-4.17899e-07
-1.39022e-08
4.5907e-08
1.37992e-06
4.5907e-08
-1.51588e-07
-8.68753
8.68755
-28.6863
8.68755
-8.68755
28.6863
-28.6863
28.6863
-94.7221
8.68755
-8.68755
28.6863
-8.68755
8.68755
-28.6863
28.6863
-28.6863
94.7221
-9.43006e-06
-4.17899e-07
1.37992e-06
-4.17899e-07
-1.39022e-08
4.5907e-08
1.37992e-06
4.5907e-08
-1.51588e-07
-8.68753
8.68755
-28.6863
8.68755
-8.68755
28.6863
-28.6863
28.6863
-94.7221
8.68755
-8.68755
28.6863
-8.68755
8.68755
-28.6863
28.6863
-28.6863
94.7221
-9.43006e-06
-4.17899e-07
1.37992e-06
-4.17899e-07
-1.39022e-08
4.5907e-08
1.37992e-06
4.5907e-08
-1.51588e-07
-8.68753
8.68755
-28.6863
8.68755
-8.68755
28.6863
-28.6863
28.6863
-94.7221
8.68755
-8.68755
28.6863
-8.68755
8.68755
-28.6863
28.6863
-28.6863
94.7221
-9.43006e-06
-4.17899e-07
1.37992e-06
-4.17899e-07
-1.39022e-08
4.5907e-08
1.37992e-06
4.5907e-08
-1.51588e-07
-8.68753
8.68755
-28.6863
8.68755
-8.68755
28.6863
-28.6863
28.6863
-94.7221
8.68755
-8.68755
28.6863
-8.68755
8.68755
-28.6863
28.6863
-28.6863
94.7221
-9.43006e-06
-4.17899e-07
1.37992e-06
-4.17899e-07
-1.39022e-08
4.5907e-08
1.37992e-06
4.5907e-08
-1.51588e-07
-8.68753
8.68755
-28.6863
8.68755
-8.68755
28.6863
-28.6863
28.6863
-94.7221
2.80892
-2.80892
18.1711
-2.80892
2.80892
-18.1711
18.1711
-18.1711
117.55
0.00011242
1.331e-06
-8.6116e-06
1.331e-06
1.18129e-08
-7.64702e-08
-8.6116e-06
-7.64702e-08
4.94784e-07
-2.80906
2.80892
-18.1711
2.80892
-2.80892
18.1711
-18.1711
18.1711
-117.55
2.80892
-2.80892
18.1711
-2.80892
2.80892
-18.1711
18.1711
-18.1711
117.55
0.00011242
1.331e-06
-8.6116e-06
1.331e-06
1.18129e-08
-7.64702e-08
-8.6116e-06
-7.64702e-08
4.94784e-07
-2.80906
2.80892
-18.1711
2.80892
-2.80892
18.1711
-18.1711
18.1711
-117.55
2.80892
-2.80892
18.1711
-2.80892
2.80892
-18.1711
18.1711
-18.1711
117.55
0.00011242
1.331e-06
-8.6116e-06
1.331e-06
1.18129e-08
-7.64702e-08
-8.6116e-06
-7.64702e-08
4.94784e-07
-2.80906
2.80892
-18.1711
2.80892
-2.80892
18.1711
-18.1711
18.1711
-117.55
1.42109e-14
1.56055e-14
0
-105.421
-6.24219e-14
-0
0
-0
105.421
0
0
0
0
0
0
0
0
0
-1.42109e-14
-1.56055e-14
-0
105.421
6.24219e-14
0
-0
0
-105.421
1.42109e-14
1.56055e-14
0
-105.421
-6.24219e-14
-0
0
-0
105.421
0
0
0
0
0
0
0
0
0
-1.42109e-14
-1.56055e-14
-0
105.421
6.24219e-14
0
-0
0
-105.421
1.42109e-14
1.56055e-14
0
-105.421
-6.24219e-14
-0
0
-0
105.421
0
0
0
0
0
0
0
0
0
-1.42109e-14
-1.56055e-14
-0
105.421
6.24219e-14
0
-0
0
-105.421
6.44708
-6.44708
24.1519
-6.44708
6.44708
-24.1519
24.1519
-24.1519
90.4771
1.87927e-05
6.51984e-07
-2.44241e-06
6.51984e-07
1.69739e-08
-6.35888e-08
-2.44241e-06
-6.35888e-08
2.38208e-07
-6.4471
6.44708
-24.1519
6.44708
-6.44708
24.1519
-24.1519
24.1519
-90.4771
6.44708
-6.44708
24.1519
-6.44708
6.44708
-24.1519
24.1519
-24.1519
90.4771
1.87927e-05
6.51984e-07
-2.44241e-06
6.51984e-07
1.69739e-08
-6.35888e-08
-2.44241e-06
-6.35888e-08
2.38208e-07
-6.4471
6.44708
-24.1519
6.44708
-6.44708
24.1519
-24.1519
24.1519
-90.4771
6.44708
-6.44708
24.1519
-6.44708
6.44708
-24.1519
24.1519
-24.1519
90.4771
1.87927e-05
6.51984e-07
-2.44241e-06
6.51984e-07
1.69739e-08
-6.35888e-08
-2.44241e-06
-6.35888e-08
2.38208e-07
-6.4471
6.44708
-24.1519
6.44708
-6.44708
24.1519
-24.1519
24.1519
-90.4771
6.44708
-6.44708
24.1519
-6.44708
6.44708
-24.1519
24.1519
-24.1519
90.4771
1.87927e-05
6.51984e-07
-2.44241e-06
6.51984e-07
1.69739e-08
-6.35888e-08
-2.44241e-06
-6.35888e-08
2.38208e-07
-6.4471
6.44708
-24.1519
6.44708
-6.44708
24.1519
-24.1519
24.1519
-90.4771
6.44708
-6.44708
24.1519
-6.44708
6.44708
-24.1519
24.1519
-24.1519
90.4771
1.87927e-05
6.51984e-07
-2.44241e-06
6.51984e-07
1.69739e-08
-6.35888e-08
-2.44241e-06
-6.35888e-08
2.38208e-07
-6.4471
6.44708
-24.1519
6.44708
-6.44708
24.1519
-24.1519
24.1519
-90.4771
6.44708
-6.44708
24.1519
-6.44708
6.44708
-24.1519
24.1519
-24.1519
90.4771
1.87927e-05
6.51984e-07
-2.44241e-06
6.51984e-07
1.69739e-08
-6.35888e-08
-2.44241e-06
-6.35888e-08
2.38208e-07
-6.4471
6.44708
-24.1519
6.44708
-6.44708
24.1519
-24.1519
24.1519
-90.4771
3.03293
-3.03293
-18.8362
-3.03293
3.03293
18.8362
-18.8362
18.8362
116.984
0.000107762
1.38345e-06
8.59192e-06
1.38345e-06
1.33218e-08
8.27331e-08
8.59192e-06
8.27331e-08
5.13818e-07
-3.03284
3.03293
18.8362
3.03293
-3.03293
-18.8362
18.8362
-18.8362
-116.984
3.03293
-3.03293
-18.8362
-3.03293
3.03293
18.8362
-18.8362
18.8362
116.984
0.000107762
1.38345e-06
8.59192e-06
1.38345e-06
1.33218e-08
8.27331e-08
8.59192e-06
8.27331e-08
5.13818e-07
-3.03284
3.03293
18.8362
3.03293
-3.03293
-18.8362
18.8362
-18.8362
-116.984
3.03293
-3.03293
-18.8362
-3.03293
3.03293
18.8362
-18.8362
18.8362
116.984
0.000107762
1.38345e-06
8.59192e-06
1.38345e-06
1.33218e-08
8.27331e-08
8.59192e-06
8.27331e-08
5.13818e-07
-3.03284
3.03293
18.8362
3.03293
-3.03293
-18.8362
18.8362
-18.8362
-116.984
-1.42109e-14
1.54887e-14
0
-104.632
-6.19549e-14
-0
0
-0
104.632
0
0
0
0
0
0
0
0
0
1.42109e-14
-1.54887e-14
-0
104.632
6.19549e-14
0
-0
0
-104.632
-1.42109e-14
1.54887e-14
0
-104.632
-6.19549e-14
-0
0
-0
104.632
0
0
0
0
0
0
0
0
0
1.42109e-14
-1.54887e-14
-0
104.632
6.19549e-14
0
-0
0
-104.632
-1.42109e-14
1.54887e-14
0
-104.632
-6.19549e-14
-0
0
-0
104.632
0
0
0
0
0
0
0
0
0
1.42109e-14
-1.54887e-14
-0
104.632
6.19549e-14
0
-0
0
-104.632
6.58155
-6.58155
-24.2278
-6.58155
6.58155
24.2278
-24.2278
24.2278
89.1866
-3.02997e-05
-1.08759e-06
-4.00368e-06
-1.08759e-06
-2.92961e-08
-1.07848e-07
-4.00368e-06
-1.07848e-07
-3.97016e-07
-6.58156
6.58155
24.2278
6.58155
-6.58155
-24.2278
24.2278
-24.2278
-89.1866
6.58155
-6.58155
-24.2278
-6.58155
6.58155
24.2278
-24.2278
24.2278
89.1866
-3.02997e-05
-1.08759e-06
-4.00368e-06
-1.08759e-06
-2.92961e-08
-1.07848e-07
-4.00368e-06
-1.07848e-07
-3.97016e-07
-6.58156
6.58155
24.2278
6.58155
-6.58155
-24.2278
24.2278
-24.2278
-89.1866
6.58155
-6.58155
-24.2278
-6.58155
6.58155
24.2278
-24.2278
24.2278
89.1866
-3.02997e-05
-1.08759e-06
-4.00368e-06
-1.08759e-06
-2.92961e-08
-1.07848e-07
-4.00368e-06
-1.07848e-07
-3.97016e-07
-6.58156
6.58155
24.2278
6.58155
-6.58155
-24.2278
24.2278
-24.2278
-89.1866
6.58155
-6.58155
-24.2278
-6.58155
6.58155
24.2278
-24.2278
24.2278
89.1866
-3.02997e-05
-1.08759e-06
-4.00368e-06
-1.08759e-06
-2.92961e-08
-1.07848e-07
-4.00368e-06
-1.07848e-07
-3.97016e-07
-6.58156
6.58155
24.2278
6.58155
-6.58155
-24.2278
24.2278
-24.2278
-89.1866
6.58155
-6.58155
-24.2278
-6.58155
6.58155
24.2278
-24.2278
24.2278
89.1866
-3.02997e-05
-1.08759e-06
-4.00368e-06
-1.08759e-06
-2.92961e-08
-1.07848e-07
-4.00368e-06
-1.07848e-07
-3.97016e-07
-6.58156
6.58155
24.2278
6.58155
-6.58155
-24.2278
24.2278
-24.2278
-89.1866
6.58155
-6.58155
-24.2278
-6.58155
6.58155
24.2278
-24.2278
24.2278
89.1866
-3.02997e-05
-1.08759e-06
-4.00368e-06
-1.08759e-06
-2.92961e-08
-1.07848e-07
-4.00368e-06
-1.07848e-07
-3.97016e-07
-6.58156
6.58155
24.2278
6.58155
-6.58155
-24.2278
24.2278
-24.2278
-89.1866
-2.84217e-14
1.20276e-14
0
-81.2512
-7.21656e-14
-0
0
-0
81.2512
0
0
0
0
0
0
0
0
0
2.84217e-14
-1.20276e-14
-0
81.2512
7.21656e-14
0
-0
0
-81.2512
-2.84217e-14
1.20276e-14
0
-81.2512
-7.21656e-14
-0
0
-0
81.2512
0
0
0
0
0
0
0
0
0
2.84217e-14
-1.20276e-14
-0
81.2512
7.21656e-14
0
-0
0
-81.2512
-2.84217e-14
1.20276e-14
0
-81.2512
-7.21656e-14
-0
0
-0
81.2512
0
0
0
0
0
0
0
0
0
2.84217e-14
-1.20276e-14
-0
81.2512
7.21656e-14
0
-0
0
-81.2512
14.2283
-14.2283
-34.032
-14.2283
14.2283
34.032
-34.032
34.032
81.3996
9.05812e-07
7.41962e-08
1.77461e-07
7.41962e-08
4.5721e-09
1.0938e-08
1.77461e-07
1.0938e-08
2.61608e-08
-14.2283
14.2283
34.032
14.2283
-14.2283
-34.032
34.032
-34.032
-81.3996
14.2283
-14.2283
-34.032
-14.2283
14.2283
34.032
-34.032
34.032
81.3996
9.05812e-07
7.41962e-08
1.77461e-07
7.41962e-08
4.5721e-09
1.0938e-08
1.77461e-07
1.0938e-08
2.61608e-08
-14.2283
14.2283
34.032
14.2283
-14.2283
-34.032
34.032
-34.032
-81.3996
14.2283
-14.2283
-34.032
-14.2283
14.2283
34.032
-34.032
34.032
81.3996
9.05812e-07
7.41962e-08
1.77461e-07
7.41962e-08
4.5721e-09
1.0938e-08
1.77461e-07
1.0938e-08
2.61608e-08
-14.2283
14.2283
34.032
14.2283
-14.2283
-34.032
34.032
-34.032
-81.3996
6.44708
-6.44708
24.1519
-6.44708
6.44708
-24.1519
24.1519
-24.1519
90.4771
1.87927e-05
6.51984e-07
-2.44241e-06
6.51984e-07
1.69739e-08
-6.35888e-08
-2.44241e-06
-6.35888e-08
2.38208e-07
-6.4471
6.44708
-24.1519
6.44708
-6.44708
24.1519
-24.1519
24.1519
-90.4771
6.44708
-6.44708
24.1519
-6.44708
6.44708
-24.1519
24.1519
-24.1519
90.4771
1.87927e-05
6.51984e-07
-2.44241e-06
6.51984e-07
1.69739e-08
-6.35888e-08
-2.44241e-06
-6.35888e-08
2.38208e-07
-6.4471
6.44708
-24.1519
6.44708
-6.44708
24.1519
-24.1519
24.1519
-90.4771
6.44708
-6.44708
24.1519
-6.44708
6.44708
-24.1519
24.1519
-24.1519
90.4771
1.87927e-05
6.51984e-07
-2.44241e-06
6.51984e-07
1.69739e-08
-6.35888e-08
-2.44241e-06
-6.35888e-08
2.38208e-07
-6.4471
6.44708
-24.1519
6.44708
-6.44708
24.1519
-24.1519
24.1519
-90.4771
0
1.44864e-14
0
1.44864e-14
2.34603e-14
0
0
0
83.995
7.32515e+09
-2.17269e-06
0
-2.17269e-06
-2.08096e-06
0
0
0
-41.9975
-7.32515e+09
2.17269e-06
0
2.17269e-06
2.08096e-06
0
0
0
-41.9975
0
1.44864e-14
0
1.44864e-14
2.34603e-14
0
0
0
83.995
7.32515e+09
-2.17269e-06
0
-2.17269e-06
-2.08096e-06
0
0
0
-41.9975
-7.32515e+09
2.17269e-06
0
2.17269e-06
2.08096e-06
0
0
0
-41.9975
0
1.44864e-14
0
1.44864e-14
2.34603e-14
0
0
0
83.995
7.32515e+09
-2.17269e-06
0
-2.17269e-06
-2.08096e-06
0
0
0
-41.9975
-7.32515e+09
2.17269e-06
0
2.17269e-06
2.08096e-06
0
0
0
-41.9975
6.94116
-6.94116
-24.4753
-6.94116
6.94116
24.4753
-24.4753
24.4753
86.3024
1.29011e-05
5.03469e-07
1.77528e-06
5.0347e-07
1.47475e-08
5.19987e-08
1.77528e-06
5.19987e-08
1.83351e-07
-6.94119
6.94116
24.4753
6.94116
-6.94116
-24.4753
24.4753
-24.4753
-86.3024
6.94116
-6.94116
-24.4753
-6.94116
6.94116
24.4753
-24.4753
24.4753
86.3024
1.29011e-05
5.03469e-07
1.77528e-06
5.0347e-07
1.47475e-08
5.19987e-08
1.77528e-06
5.19987e-08
1.83351e-07
-6.94119
6.94116
24.4753
6.94116
-6.94116
-24.4753
24.4753
-24.4753
-86.3024
6.94116
-6.94116
-24.4753
-6.94116
6.94116
24.4753
-24.4753
24.4753
86.3024
1.29011e-05
5.03469e-07
1.77528e-06
5.0347e-07
1.47475e-08
5.19987e-08
1.77528e-06
5.19987e-08
1.83351e-07
-6.94119
6.94116
24.4753
6.94116
-6.94116
-24.4753
24.4753
-24.4753
-86.3024
8.68755
-8.68755
28.6863
-8.68755
8.68755
-28.6863
28.6863
-28.6863
94.7221
-9.43006e-06
-4.17899e-07
1.37992e-06
-4.17899e-07
-1.39022e-08
4.5907e-08
1.37992e-06
4.5907e-08
-1.51588e-07
-8.68753
8.68755
-28.6863
8.68755
-8.68755
28.6863
-28.6863
28.6863
-94.7221
8.68755
-8.68755
28.6863
-8.68755
8.68755
-28.6863
28.6863
-28.6863
94.7221
-9.43006e-06
-4.17899e-07
1.37992e-06
-4.17899e-07
-1.39022e-08
4.5907e-08
1.37992e-06
4.5907e-08
-1.51588e-07
-8.68753
8.68755
-28.6863
8.68755
-8.68755
28.6863
-28.6863
28.6863
-94.7221
8.68755
-8.68755
28.6863
-8.68755
8.68755
-28.6863
28.6863
-28.6863
94.7221
-9.43006e-06
-4.17899e-07
1.37992e-06
-4.17899e-07
-1.39022e-08
4.5907e-08
1.37992e-06
4.5907e-08
-1.51588e-07
-8.68753
8.68755
-28.6863
8.68755
-8.68755
28.6863
-28.6863
28.6863
-94.7221
-1.42109e-14
-0
0
-81.1288
0
-0
0
-0
81.1288
0
0
0
0
0
0
0
0
0
1.42109e-14
0
-0
81.1288
-0
0
-0
0
-81.1288
-1.42109e-14
-0
0
-81.1288
0
-0
0
-0
81.1288
0
0
0
0
0
0
0
0
0
1.42109e-14
0
-0
81.1288
-0
0
-0
0
-81.1288
-1.42109e-14
-0
0
-81.1288
0
-0
0
-0
81.1288
0
0
0
0
0
0
0
0
0
1.42109e-14
0
-0
81.1288
-0
0
-0
0
-81.1288
14.0902
-14.0902
34.2259
-14.0902
14.0902
-34.2259
34.2259
-34.2259
83.1367
-5.97012e-06
-4.75059e-07
1.15396e-06
-4.75059e-07
-2.84394e-08
6.90802e-08
1.15396e-06
6.90802e-08
-1.67803e-07
-14.0902
14.0902
-34.2259
14.0902
-14.0902
34.2259
-34.2259
34.2259
-83.1367
14.0902
-14.0902
34.2259
-14.0902
14.0902
-34.2259
34.2259
-34.2259
83.1367
-5.97012e-06
-4.75059e-07
1.15396e-06
-4.75059e-07
-2.84394e-08
6.90802e-08
1.15396e-06
6.90802e-08
-1.67803e-07
-14.0902
14.0902
-34.2259
14.0902
-14.0902
34.2259
-34.2259
34.2259
-83.1367
14.0902
-14.0902
34.2259
-14.0902
14.0902
-34.2259
34.2259
-34.2259
83.1367
-5.97012e-06
-4.75059e-07
1.15396e-06
-4.75059e-07
-2.84394e-08
6.90802e-08
1.15396e-06
6.90802e-08
-1.67803e-07
-14.0902
14.0902
-34.2259
14.0902
-14.0902
34.2259
-34.2259
34.2259
-83.1367
6.58155
-6.58155
-24.2278
-6.58155
6.58155
24.2278
-24.2278
24.2278
89.1866
-3.02997e-05
-1.08759e-06
-4.00368e-06
-1.08759e-06
-2.92961e-08
-1.07848e-07
-4.00368e-06
-1.07848e-07
-3.97016e-07
-6.58156
6.58155
24.2278
6.58155
-6.58155
-24.2278
24.2278
-24.2278
-89.1866
6.58155
-6.58155
-24.2278
-6.58155
6.58155
24.2278
-24.2278
24.2278
89.1866
-3.02997e-05
-1.08759e-06
-4.00368e-06
-1.08759e-06
-2.92961e-08
-1.07848e-07
-4.00368e-06
-1.07848e-07
-3.97016e-07
-6.58156
6.58155
24.2278
6.58155
-6.58155
-24.2278
24.2278
-24.2278
-89.1866
6.58155
-6.58155
-24.2278
-6.58155
6.58155
24.2278
-24.2278
24.2278
89.1866
-3.02997e-05
-1.08759e-06
-4.00368e-06
-1.08759e-06
-2.92961e-08
-1.07848e-07
-4.00368e-06
-1.07848e-07
-3.97016e-07
-6.58156
6.58155
24.2278
6.58155
-6.58155
-24.2278
24.2278
-24.2278
-89.1866
