0 138.18
1 152.859
2 154.5
3 154.691
4 154.871
5 155.09
6 155.336
7 155.461
8 155.672
9 155.879
10 156.094
11 156.262
12 156.516
13 156.641
14 156.953
15 157.238
16 157.324
17 157.809
18 157.992
19 158.344
20 158.477
21 158.625
22 159.008
23 159.164
24 159.508
25 159.586
26 159.832
27 160.02
28 160.234
29 160.445
30 160.656
31 160.867
32 161.078
33 161.285
34 161.496
35 161.754
36 161.922
37 162.133
38 162.387
39 162.598
40 162.809
41 163.016
42 163.227
43 163.461
44 163.668
45 163.859
46 164.07
47 164.281
48 164.492
49 164.703
50 164.914
51 165.125
52 165.379
53 165.547
54 165.844
55 165.961
56 166.125
57 166.336
58 166.547
59 166.73
60 166.941
61 167.152
62 167.414
63 167.602
64 167.789
65 168
66 168.207
67 168.422
68 168.586
69 168.84
70 169.051
71 169.262
72 169.473
73 169.727
74 169.891
75 170.102
76 170.312
77 170.52
78 170.684
79 170.895
80 171.027
81 171.383
82 171.523
83 171.688
84 171.953
85 172.207
86 172.418
87 172.582
88 172.789
89 172.953
90 173.266
91 173.477
92 173.688
93 173.898
94 174.109
95 174.363
96 174.613
97 174.824
98 175.035
99 175.246
100 175.48
101 175.73
102 175.895
103 176.16
104 176.371
105 176.578
106 176.75
107 176.914
108 177.164
109 177.375
110 177.586
111 177.797
112 177.961
113 178.172
114 178.426
115 178.59
116 178.754
117 179.004
118 179.211
119 179.488
120 179.629
121 179.891
122 180.102
123 180.266
124 180.477
125 180.641
126 180.852
127 181.02
128 181.328
129 181.539
130 181.684
131 181.938
132 182.148
133 182.359
134 182.57
135 182.781
136 182.992
137 183.203
138 183.438
139 183.621
140 183.789
141 184
142 184.254
143 184.422
144 184.633
145 184.887
