0 0
0.00998334 9.98334
0.0198669 19.8669
0.029552 29.552
0.0389418 38.9418
0.0479426 47.9426
0.0564642 56.4642
0.0644218 64.4218
0.0717356 71.7356
0.0783327 78.3327
0.0841471 84.1471
0.0891207 89.1207
0.0932039 93.2039
0.0963558 96.3558
0.098545 98.545
0.0997495 99.7495
0.0999574 99.9574
0.0991665 99.1665
0.0973848 97.3848
0.09463 94.63
0.0909297 90.9297
0.0863209 86.3209
0.0808496 80.8496
0.0745705 74.5705
0.0675463 67.5463
0.0598472 59.8472
0.0515501 51.5501
0.042738 42.738
0.0334988 33.4988
0.0239249 23.9249
0.014112 14.112
0.00415807 4.15807
-0.00583741 -5.83741
-0.0157746 -15.7746
-0.0255541 -25.5541
-0.0350783 -35.0783
-0.044252 -44.252
-0.0529836 -52.9836
-0.0611858 -61.1858
-0.0687766 -68.7766
-0.0756802 -75.6802
-0.0818277 -81.8277
-0.0871576 -87.1576
-0.0916166 -91.6166
-0.0951602 -95.1602
-0.097753 -97.753
-0.0993691 -99.3691
-0.0999923 -99.9923
-0.0996165 -99.6165
-0.0982453 -98.2453
-0.0958924 -95.8924
-0.0925815 -92.5815
-0.0883455 -88.3455
-0.0832267 -83.2267
-0.0772764 -77.2764
-0.070554 -70.554
-0.0631267 -63.1267
-0.0550686 -55.0686
-0.0464602 -46.4602
-0.0373877 -37.3877
-0.0279415 -27.9415
-0.0182163 -18.2163
-0.00830894 -8.30894
0.00168139 1.68139
0.0116549 11.6549
0.021512 21.512
0.0311541 31.1541
0.040485 40.485
0.0494113 49.4113
0.057844 57.844
0.0656987 65.6987
0.0728969 72.8969
0.0793668 79.3668
0.0850437 85.0437
0.0898708 89.8708
0.0938 93.8
0.096792 96.792
0.0988168 98.8168
0.0998543 99.8543
0.0998941 99.8941
0.0989358 98.9358
0.096989 96.989
0.0940731 94.0731
0.0902172 90.2172
0.0854599 85.4599
0.0798487 79.8487
0.0734397 73.4397
0.0662969 66.2969
0.0584917 58.4917
0.0501021 50.1021
0.0412118 41.2118
0.0319098 31.9098
0.022289 22.289
0.0124454 12.4454
0.00247754 2.47754
-0.00751511 -7.51511
-0.0174327 -17.4327
-0.0271761 -27.1761
-0.0366479 -36.6479
-0.0457536 -45.7536
